0.0
0.33099802017029095
0.047347841808007135
0.20555548163051557
0.03490945123540668
0.13490486892948528
0.015699688940903442
0.12621824696366787
0.024803246532170073
0.0967260834619114
0.01866385044266216
0.06620203003011642
0.010590739736742372
0.07375187062202153
0.017177012616210945
0.05249783364336746
0.009230064805113949
0.03215862211498471
0.010363966755751837
0.04580071101648085
0.0120013374805045
0.047252360464252
0.009433467429504343
0.03840008586565978
0.0008439411924706849
0.024448995931324668
0.009415746641032945
0.03138806659394658
0.009410688413692764
0.02828383254536847
0.010450835173245514
0.01789302023278763
0.00807466990983217
0.021706034160108297
0.00893326003975849
0.025765361076363544
0.0027492555949461873
0.014616891731557358
0.0037470015554517877
0.024734089603356282
0.009254336796245741
0.028285551161082514
0.004925395996365718
0.019955966758538588
0.001960195923726703
0.03572519598111639
0.008760642959080342
0.014137590830925022
0.0008816366839440797
0.024426866880384195
0.005947310282024648
0.01175611417981668
0.0037683163638046785
0.022304136287653653
-0.0004720925168959912
0.015408489000987905
-0.0014673524531361101
0.018961713486540677
0.004945895334173948
0.008970731495333732
-0.004122402402536791
0.012509945640175645
0.0032945309692658568
0.01642779847454765
0.0031324628447417413
0.01646486843555006
-0.0005970276325953839
0.011288387149827198
0.005571971736914024
0.010121600859897939
0.0006756647575468375
0.006353491002932461
0.0015839951186058664
0.009656546057037153
0.0007000066946785168
0.012445270080681452
-0.0007577377845392881
0.015812864760624525
0.002660783339266859
0.004548339832161497
0.0029284211296316718
0.009062122435236951
0.0005046962703546109
0.010058840510934785
0.001447091660300727
0.01133047764446898
0.0026921108056469118
0.0071180660543346255
0.0020429865628426133
0.011565471223011005
0.0031784496878486264
0.01389410357680874
-0.0018101925926654794
0.0020733231738484558
0.000577626337599051
0.008847838181190186
0.00020490264973507813
0.005465616539005235
0.0016409843052079653
0.006115517349836691
0.0037510406267909436
0.00579336058321796
0.002402873989410944
0.009798289636273078
0.0035882947792279835
0.0066462353440363605
-0.0008371777070423582
0.008318963964712166
0.0027855147681819454
0.006732779508730179
-0.0007874631935996395
-0.0017622706433662147
-0.0018663502479541242
0.003828339987413589
0.0026063056768462632
0.010578077969753238
0.0016473314800214927
0.006380011849785051
0.0003095866289095944
-0.00010367092636504358
0.0019509747413956771
0.009806828079397333
0.0004859269151880437
0.00961090123541686
0.0047226515446214526
0.007352632600116352
0.002159616786849099
0.005300164309375146
0.002757864362069598
0.010565811849540127
0.00019606629082370537
0.010977659305726134
0.0026329899723148806
0.0032845768387142473
0.001065685896680933
0.007710921535844179
-0.0008898349848945385
0.007415928739312067
0.0033209191822664423
0.00227164520889374
0.002468114513301156
0.00471021854882844
0.0005859560402103205
0.006638462409530866
0.001628048265351549
0.007056288592501518
0.001926720622882
0.0016221014575165205
-0.0009815242727751617
0.006020667967295867
0.0004237882898351717
0.0011637202007937547
0.0030067456788847907
0.00587979536143058
-0.0006891527406964327
0.005648346106562288
0.00026288455707078757
0.003732872321970296
0.0009715321901699799
0.006253913496079874
0.0031161850278172776
0.00265378546162861
0.0015958955987681015
0.0023179361249622654
0.0014538197266620717
0.007035999353536285
0.0008750680752883223
0.0018179843680500684
-0.00023429105060943258
0.0023665463427142435
0.003555870084429508
0.004250233440354867
0.0009928277402141937
0.003824386817436831
-0.0013081213031154407
0.006232520468573117
0.001582710600602298
0.006901500706309001
-0.0010011717744527484
0.01084957319870412
-0.0021754211460792553
0.006373093752047716
0.002200175699800254
0.004868735809017886
0.000849182353370523
0.004634281131617234
0.000393268114771741
0.002938817190629432
-0.00025344289567867597
0.005658847048379392
0.0014126967878633646
0.00557342299226555
-0.0016966553429419273
0.0034151980875117677
0.00010382346614194239
0.00862291791370225
0.0007277644157625881
0.010124918641890905
0.00025569998400903806
0.00747535221620686
-0.0005152091929430093
0.005748000077451769
0.0010269656533433338
0.005698361010166143
4.644492947598105e-05
0.003029237740524476
-0.0010317615363682497
0.006937962345723039
0.0022509810215584096
0.0023833235899933733
-0.0008541821941538948
0.0031191049755230457
-0.001036351097270129
0.009213978447887284
0.0009895641825624591
0.007839038795662027
0.0013268684052478166
0.0034374145674306066
-0.0005117264450235998
0.0009632028546157558
0.001464434376830992
0.007402033405705026
-0.0006292355305308093
0.005096070682522684
0.0009106301194606881
0.005865105266481409
0.0017037336144768
0.003760309361477139
0.0008093538545854929
0.0017822716352421213
0.0011170546863728099
0.00407020329151561
0.0012500182063559572
0.0029369985885674054
0.0023268655877360083
0.006837584353764691
-0.0012430726389283582
0.001556966091506689
0.0013135533238328887
0.0024282413007832094
0.0022881051567470168
0.003734191424526269
-0.0006576143412275321
0.004649882654849132
-0.0009636370649045012
0.0073963778918433145
0.002633868658720146
0.000637188917503907
0.0014106177167469227
0.005682352053911981
0.0019180831514691576
0.0029704284644199524
0.0004925891839430521
0.0072038074004872835
0.0024406319905293243
0.0031117320132871638
-0.0008311604386662335
0.0012524735821066856
0.0005097943745486853
0.006479382459949252
-0.0005535321161482243
0.003154393064609913
-0.00011124805804859183
0.002597271631497785
-5.0932719919205426e-05
0.0002952895906997366
-0.0018754339994706433
0.0003265308896798775
0.0013283077344168007
0.001947527645253156
0.0006076885893754249
-0.00203973197320233
0.0017279943794142833
0.0019994335615565904
0.0019643382827931165
0.004356577489519673
0.0008409619234012789
0.0030133214709949703
0.001583729285193455
0.007059918615639683
0.0022418214179065906
0.0011072052409027136
3.4918472339608676e-05
0.0017495719334702287
-0.0008124771596107399
0.005633582613627429
-0.00014835098098267254
0.0033584105151958864
-0.0011307016569202673
0.0028920123746957503
0.0017990293905100487
0.003590328627693501
0.001358109511001729
0.0027583872563155354
0.0011368057792538575
-0.00021548266753773892
3.191823355753033e-05
0.001407681390687745
0.0015570212097605462
0.003498129527823092
0.00031183666303747726
-4.429233208607541e-05
-0.0001933433559074064
-0.00031792944151670487
-0.0006231375343253854
0.0008205672571730897
0.0007943466177253657
0.0009542367256509073
-0.00020807871352592435
0.0016969831671522835
0.001975673628936941
0.006831255060265951
-0.0002193861482968936
0.003354154713287306
-0.000615141819913719
0.0053804023678031086
0.0022943062716572708
0.001618520366188987
0.0008820404988078532
0.00159081908438753
-0.00016493774439315916
0.004740916310110198
0.0019352092856875767
0.0033092767591134066
0.0005523452584680641
0.0001029220783685161
-0.0010585628887487706
0.002139217434401019
0.0014309263950340854
0.0025940395426387666
-0.0013513146061454127
0.006776684770719893
0.0016130127613256087
-0.00017572577550430208
0.0008875585864085044
0.005755588942468465
0.00013778209374920653
-9.781924126122006e-05
0.0006569207270673113
0.0016825211924215815
0.0007792631214238807
-0.0013757841254118338
8.748184783742109e-05
-0.0007187420127892796
0.002373556220803564
0.0008325964795986366
0.00023854947236357117
0.0032189208815580623
0.0002330532840583828
0.0024012872646708757
-0.000854620345763054
0.0026730736670361245
0.0015036845406471656
0.0012204336135410387
0.00017050066938425283
-0.00018735792688124602
-0.0002696676557228985
0.000733391637909383
-0.0004634705566262919
0.002023024731114734
-0.0003116799112544175
0.003503100865610641
0.0014288770877825092
-0.00035115889281309636
-0.0015489807762818922
0.0004926320907507537
0.000904866006996213
0.00018094424134511105
-0.00020972525538074548
0.002358731659424897
0.0003652555439317232
0.002979041325827941
2.3335215599741913e-05
0.0021935423243713186
0.0007119252574635314
0.0041894295099319185
-0.00028326620041246593
0.00491509389915974
-0.0011402629067201124
0.0018632275979890065
0.0008769939953704789
-0.002964695008085921
0.0012280031330215728
0.00022420234354108128
0.0003975442023125428
0.0032208839205659897
-0.0004624883392029233
0.0035496192141154775
0.0008450871532946402
0.0016088044000044169
0.0001456320506463961
-0.00032915266994946015
0.00209793749680518
0.0025352085151717357
-0.00030175837804692797
0.0055330085660380566
-7.956145185783069e-05
0.001955465564654382
-0.0003907471694196162
0.0024859438362691976
0.0014584718820957066
0.0009226507588592173
0.0019879948352759793
0.003874624000035565
0.0008094475639578159
0.0008011277587630163
-0.0018500877490854922
0.0021216944333664776
0.0006707971021274496
0.0018209882174460722
0.000992353853353578
0.003120932925298862
-0.00011647638105971467
0.003101915427737428
0.0002462905630896568
0.001351333222955919
0.001651752636866672
-0.0006429823427078625
0.00025746906021192743
0.0005611331623995718
0.0018820267061115136
-0.0012780838390116797
-0.0008092305482609148
0.003977322788833639
-0.0009114661868547259
0.00354196754659919
-0.0003400700256956274
0.003272826989651597
-0.0005356403874633751
0.0017767355711221658
0.0002913705181959586
0.0007722681208170362
0.0008012432048095216
0.0041867459122832545
0.002103547568687259
0.003708707187751366
-0.00018854744593174857
0.0009475834469786137
0.0008648015953236377
0.004820923818295386
0.00031257623752533155
0.0007631377983871482
-0.0004053764407985242
0.0003895338568291306
0.0007149528036139368
0.0003750404788871107
-1.0492605465903272e-05
0.001221384505888689
0.0011234400548069722
-0.0002431436849782919
6.34433321543619e-05
0.002042470703787387
-9.585426883806983e-05
0.000759320440662181
0.002246694630308933
0.0017008325545867231
0.001266989289411482
0.0031973377151535438
0.0015755894057043157
7.148545209934831e-05
0.0006286278688917937
0.002405685781266641
0.0019271140812121034
0.0049973537677688445
-0.00036725360592338303
0.003053357169744282
0.0006247456840788594
0.006298342940115671
6.375031197564965e-05
0.003523212667875727
-7.779812383925958e-05
0.002451842023921961
0.0010548476377385447
0.00015635649900201106
0.00014449822515741876
0.00616615245556666
0.000709069933812838
-0.0005769239510591031
-0.0006920347654453733
-0.0011543356637648164
-0.0006566572070127448
0.0025061696453104183
0.0006030111111472933
0.0010858290793467435
0.0018104578375483216
0.003516468363848671
-0.0013115089270863112
-0.0005133645943460109
0.0006828240200098464
-3.8404121139990434e-05
0.0004120179947854721
0.002389473471846997
0.0014263966917747737
0.0014193406624872947
0.0013626826618215774
0.0029057642883872654
-0.0007365594328988893
0.0002917903407379203
0.0019591582248263684
0.0027211388303203955
0.000673473265567349
0.0031341229848731353
-0.0008893449079663925
0.003599834461727428
2.4527204402670134e-05
0.0026278144235712363
-0.0017844977464887247
0.001019795857597338
0.000859811830230297
0.0032169469138971694
0.0004488160218221088
0.0009763576135792907
0.00016410400014099113
-0.0009473395708172886
-0.00018811239655080932
0.002249415585103688
0.0019045107369871125
0.0021335328765363297
-6.973328530368642e-05
-0.0013856406450776632
0.0006490663516065755
0.0013984869449378203
-8.498766310770147e-05
0.0014657885325450883
-0.0009625443471690443
0.0013486101665931194
-0.00034648110255550206
0.002034268712317549
-0.00018355409048165244
0.004235415077795588
0.001077386715467196
-8.296834679453357e-05
-0.0004621903510109621
-3.7754207232799705e-05
0.0019058513506239045
0.0021044909743669136
-0.0005133720884954752
0.0014105076330416142
9.083336423607368e-05
0.0019855947872238796
0.0006179818795367962
0.0007127366733403116
0.000813153763679632
0.0030196735806530895
0.00038676262291262596
-3.187380406773914e-05
-0.0004268409902983191
0.002371233563879346
0.0007119906709300049
0.0018934805859190083
0.0008571980162137816
0.0060612609452164665
0.00026035527070014317
-0.000245271393876414
0.0006537941042639181
0.003761161737664286
0.0003256507316960566
-0.0017125418905670285
-0.0005578922670014663
0.0028719143838170993
0.0005591304474524585
0.003337160900580838
0.000344934129343141
0.0026762846280617516
-7.486993372406281e-05
4.410667441702393e-05
0.0001348283988132379
0.0013962779057492924
-0.00019485128204762455
0.0021642577716048123
0.0004586947821986309
0.0012210988964343943
0.0004839288678827639
0.0023777718622205145
8.180687083001842e-05
-0.002229288275839229
-0.0010621206877880712
0.0009004175033133535
0.00034096360509245017
0.0011796167542361855
0.0012993104779739707
0.0013133054760656225
0.0014669611373606805
0.0014611876282361262
0.0012299976380578067
0.00023539147236266856
-0.00024646761149818097
0.001215620461451239
-0.0007826288063956134
0.00041385092479691434
-0.00013044068544734226
0.0006873588786166242
-0.0008958541884461951
0.0002984688709075748
-0.00031038425014633
0.0012664252225404824
0.0006429496799879212
9.110608179441155e-05
0.0007745338470009073
0.0013234666907756551
0.0008953656820136271
0.0018853108103904102
-4.8176437029200976e-05
0.0029401652549532315
-0.0003177479632581038
0.0010371495554427849
0.0005050631511072201
0.0016554955557640555
0.0003376273853896903
0.0030548994458059146
-0.00046328912943538415
-0.0004884951235143905
0.00020615777767813982
-0.0026519391583241913
-0.00020468403790293937
0.0007086524918159388
0.0005101868376692223
0.0009690628686021781
6.144715980697361e-05
0.002389367823869225
0.0007790289719683407
0.0015431133020211317
0.0011839426181991946
0.0023948333222652395
-0.0003342816212647677
0.002272405594041688
-0.00012674258008739723
0.0029256155663843564
-0.0012296208141382742
-0.00021044339603207496
0.0012129688340733731
0.0007513146731453781
0.00101721586061974
-0.0011682829951350324
-0.0004012828359176854
0.0021188334898561817
-6.450038972654937e-05
0.0011863568923709533
0.0004895895698278544
0.0016690797581068685
0.00012105183733872305
0.0004893261596135341
-0.0004984054377095388
0.0014463382294689258
0.001186473800829457
-0.0021489891289056236
-0.00010242807281649656
0.0006246851762699083
9.279356562144381e-05
0.00017606244124185292
0.00015122397325610537
-0.0017966464400450972
-0.000992834417489963
-0.0003508155521739766
0.0017919509785675246
0.0016848207074618019
0.0012233954741837582
0.000674456346669158
-0.0004931101855603849
0.0022589421506164047
0.0012310136362135174
0.0033905227721389266
0.0008252599112034427
0.0013259944576948758
-0.0002617066407187171
0.0007586825916060354
-0.0013846908882555228
0.001403261990250075
0.00011788604612190763
0.0034068891206807815
-0.00036697664546993567
0.0005593978253273749
-0.0001338781983089805
0.0014882001924234436
2.3187814960306223e-05
0.0030296697805388697
-2.7675465613742588e-05
0.0012727268969629805
0.0007784026029563163
0.0001545434088421273
-0.00031995894711728885
0.0005658027345307927
-0.0018754841637987037
0.0020917180821107433
-0.0011558177709415994
-0.0012657395579607773
0.0006676043227285616
0.00016480495257024336
-0.0008349214930935239
0.001235463764527636
9.998623850476683e-05
-0.0009551677206963547
-0.0005920517673097712
0.0038649705318167084
0.0009002754860208149
0.0036512413425335306
0.0003230838863324376
-0.0010484744812564997
0.000470528662393532
0.0023135056921983524
-0.0002435701335420388
0.0014196070436301585
-0.0010849635719245496
0.0012715436030958387
3.856729752055637e-06
0.0008364787415976679
0.0003594370719507197
0.005348425579246436
0.0003201785509969106
0.0007018725737271359
0.0004622265467583666
0.002240830538556158
0.00041723826846243843
0.0016779828193503501
0.00021801776163699765
0.0026351754848984053
6.714605040504016e-05
0.0006980640926377234
0.0006619284314361501
0.0011402528122544477
-0.0009965297615403188
0.0032639754654247115
0.00034531562704212234
0.00016796731795336257
0.0010855319350572025
-8.405830045734004e-05
-0.0001786983854839712
0.0006397895766695326
0.0009818540281699623
0.0030943779043282674
-0.00013009477048619744
0.0013486478886789628
0.0003162665179693935
-0.0005815130602422451
0.0015948176598863687
0.0009451765328959118
0.0002348847839817377
-0.00022635160538080317
0.001014889160498183
-0.0003794607220497145
-0.0002908886993958961
0.0016229334193613404
0.0002701947823566795
-0.0013144467012843318
0.0008452284124792432
0.0007698298168161791
0.0016602365593167423
0.0007567793117705621
0.0005408333378214383
-0.0007330201510412286
-0.00038499525720401553
0.0017312218729694552
-0.00010405122892409523
0.00018934553854165864
0.00016880795272988818
-0.0008530289660283532
-0.00025850747166298276
-0.0012005621610750854
0.0008924982493004566
4.427673275137377e-05
-0.0004305598154245885
-0.002138802304621959
0.00047171215832311064
0.00072945340208032
0.0002502215774362186
-0.0004469084001720483
-0.0008162826940228346
0.0016163742396966441
0.0003283412612705206
0.0030983930210987257
0.00013510850888594607
0.0008652992215575567
-0.001685846857659654
0.0021627362098771068
0.0009385265371398186
-0.0012515985395493232
0.000646051380326368
0.0009540614212783757
0.0006494955153298841
0.0003028768584263572
0.00040764918227575916
0.001349793339652069
0.00038443537139171423
0.00029832093032933763
0.0006649267098069448
0.0018754192444085326
0.0005852181741480071
-0.0006145949516212019
-0.0006955063211957355
0.0012892293777040877
0.00036480084055035624
0.0005257557716959701
3.0399360488059628e-05
0.0015523576978521854
0.0007075261923196885
0.0011564680896881928
-0.00020403445539379957
0.0010562501388376945
-0.0006249233136699563
0.0027505234319742757
-0.00018410241626991172
0.0009404979628289416
0.00010845774942533827
0.0007621733259311852
-0.0005595088647864248
0.0026119610787664646
0.0001558578723921309
0.00111776780945734
0.0006148912355798303
0.0007407760670412827
-0.0007254315599315478
0.0012221015024606967
-0.0009945842545024995
4.640743094623514e-06
0.00033099076549622297
0.0012067573087079415
0.00043674371080267086
0.0011229245391987806
-0.0002055963466995525
0.0013312755928946646
0.0007657835306923278
0.0009546875271826648
0.0011124695952217493
0.0031286859227566866
-0.0005553701693192331
0.0003235329527179206
-0.000301054855883581
0.0009161807943201561
-0.00023501677230562974
0.0019277366491951928
-0.0002841310253974592
0.00031612446834520527
0.0003898966914744726
0.0007281324100459221
0.00032359531299659986
0.003290278287771845
5.943459134284644e-05
0.002494871260913043
-0.0006379630528176
0.0017743999798768104
0.00017259895120475848
0.0005451779401483266
0.0020504926858189495
0.0024012645940202255
0.0003074629982962279
4.9723052448881465e-05
0.000279514548093699
0.003529223667636025
-0.00019689963146122446
0.0016977350133566237
1.9665021097949934e-07
0.001181718105754088
-0.0007100703376058165
0.0010730374856794192
0.0005307432988189009
0.0028580694780176224
0.0007448008995684834
0.0017568857636434422
0.00045677783554454
0.001758400829638103
-0.0003770191488132914
-0.0010446408178212973
-0.0006394343959404279
0.0015731271251771092
0.0005309706926451081
0.0008032010032584948
-0.0006597437971872075
-0.00024755557886050564
0.0008049277148234736
0.00026938542244175
-0.0003857460604853494
0.0003059919235639028
-0.0002290254776584559
-0.00016376136455250183
-0.00016493559440680192
0.002231775739257547
-3.3924312860496e-05
0.0016270847153992342
-6.729232703257835e-05
0.0020356414935377583
0.0009027115443964908
0.000605666029383488
0.00041699171520992917
0.000346690160124179
2.9937275152019307e-05
0.0018142741579904966
0.0016525633902943595
0.0010333930891466114
0.0003534043973500733
0.0030303769167622325
0.00022837714481063366
0.002760642113113203
0.0005976292126229747
0.0004788257296459509
0.00011691194845259376
0.0001198670980266537
0.00021881073825495638
-0.001670552072180672
-0.0004700349075377971
0.002638965553869693
-0.0007435433414633955
0.00023578729213846576
0.00014691476456716844
-0.001233062395320246
-0.0005407934490162248
0.0011734525903849056
0.00035912405298001735
0.0006168361344753559
9.166699773753744e-06
0.001240796902904611
0.0014661898911450207
9.258055847390643e-05
0.00010381000312334059
0.0008760225484184534
-4.1255781974928004e-05
0.00271225689248245
-0.00015985127973037802
0.00016804703566235366
-3.230725602991248e-05
0.0015599543558419632
0.0005025141394522271
0.003031260889154567
0.0006477642062614675
-5.562614893637456e-05
0.00047229931108593113
0.0006709460368402415
0.0005415162172917696
0.0015331041566024048
0.0005035355672676597
-0.00032501846010558785
2.3922424764874233e-05
0.0004913097954268352
0.00058665147507197
-0.00013014749370990713
0.0006222160931079782
0.0034399506770715228
0.0004558161428736416
0.0012516603217555351
0.0006318713318883756
0.0009451849774741777
0.0005744573072420953
0.00039442146285006676
-9.73445829244388e-05
0.0007486477972634605
-0.0008874406572635291
0.0002307332546843694
0.0004124222368823884
0.0010950985065465396
0.0005415144153644836
0.001923457831868333
-0.0011588464979126222
-0.0006138026922853407
0.0007223868438755511
-0.0006630191514886371
-0.000501960551310208
0.00146098566260848
0.00031317211205312206
0.00017279576679726208
-0.0002876553448317498
-0.0012125331999377216
0.0010857387001174856
-0.0005676685535217353
-0.00027863711545653597
-0.0015104516149767172
0.00013166412445350455
0.0009028611593894722
0.0004981338077064499
0.0025678381631478817
1.4639004622562968e-05
0.0027352058228244064
3.8460945166276457e-05
0.0013333262351844155
7.30706615955337e-05
0.0005264567107042821
1.5467970356962655e-05
0.00019415527533059933
0.0007970125172701726
0.0031770270505585645
8.186398377581607e-05
0.000296673185337606
-5.49257918486769e-05
-0.0002541999164022346
0.0005100612194160692
-0.0008448552907720457
4.765457239188818e-05
0.0011112896834275154
0.00026427334691250153
0.0013632928269253655
-0.00015715777054213018
0.0013703237743175624
-0.000127466549331462
0.0016610774088513295
0.0004625128846069622
-0.002022209341444928
-0.00019660674961271537
0.0002923459597769132
0.00020789740856851126
0.005766675828275819
0.0003137705721906744
0.0022911614615259775
