0.46310786314195934
0.21573206917377408
0.1455492416374655
0.11446915002382521
0.1054942951827856
0.0786661340780134
0.09801677702278229
0.049853686244020756
0.054388792871263
0.041620470831353576
0.05326170611412584
0.05176422957335246
0.043645259257321385
0.0404446488847835
0.03816858924328743
0.03774527077494569
0.02892584103178423
0.012406616742835639
0.037146661678686535
0.02353904472434109
0.02254760949764943
0.019770293251408257
0.025843818470433953
0.021647550611507485
0.027867910723657446
0.017243894566822085
0.002849745908553802
0.018833915000006266
0.018650529432358294
0.022693814122671775
0.007263667658415522
0.01411257104000398
0.006449856186909541
0.01512337907550275
0.007938015465344977
0.00907881217748518
0.0038826746659839655
0.009758994865775899
0.014929164394155066
0.009733566483486457
0.020620494993687344
0.01367541850187341
0.007067935158121184
0.016867523273889618
0.009633671461448716
0.018133913632807995
0.008054750043559683
0.009668789931045679
0.011971045702345072
0.008860166577552292
0.010914819181844235
0.010030872573189598
0.009116615698320176
0.009721644683892004
0.013228736976442883
0.00617391094723551
0.004645991999716926
0.006743196653759991
0.006069749909126119
0.007141604676963302
0.004025497858249323
0.003592825019469174
0.004306046983049305
0.008445807144255534
0.004489633305692637
0.011427429250946492
0.00805712410325376
0.004972710288295663
0.005896348929861981
0.01082752143583716
0.01574781406237638
0.011078833596537089
0.0062086388144345335
0.004592317229116033
0.008946372947463371
0.007870062348982887
0.0008204404770398271
0.001583027620211687
0.008643486960787273
0.004280407773829316
0.011169356407902523
0.010387262664767064
0.013580551354091627
0.008046257703063003
0.008431867569917564
0.004127388528085218
0.004350867205368849
0.003568151336710871
0.0009283924464387554
0.005593158964762166
0.009094986508825178
0.00858936469585317
0.011833361030797844
0.004316979357973129
0.007237146461862645
0.006673175240491839
0.005465282482932345
0.004934086286129246
0.005358292963574167
0.0044024257459199054
0.009151072932431056
0.008494319009007961
-0.004889930296783416
0.00474653659395556
0.00022288848253948284
0.0022387397235622596
0.008286766433751105
0.005583678296969985
0.007406933339995111
0.003385926031208117
0.0051775626155342045
0.004103000997619271
0.007544935865810873
0.0020664175555435873
0.001613326599959218
0.0005011481326056141
0.0011125203302475178
0.009682070171976665
0.002524430100451253
0.005366329673150678
0.007688453222170659
0.006523246225086376
0.004741707962136612
0.002266323704855377
0.005114624773719706
0.0007084100879852437
0.005327308188486717
0.007971342782015901
0.0014064528421712838
0.0023343217232916335
0.0052622114030940895
0.0038433387773032512
0.004586011281257135
0.002682674937375536
0.0001078259754745854
0.0029005137007221
0.00323200527878485
0.0025310249323377333
0.005011989249903032
0.005896112491016183
0.005556255825614793
0.0015442209024157858
0.003022135856633323
0.0058269750631292664
-0.00019124425313534317
0.002569198406904353
0.008345635853648873
0.002751880190013384
0.0017209550386101142
0.002277886556198826
0.0022376319623832095
-0.00028541978143070164
0.006361669518664425
0.0061722598919861866
0.007048214231573525
0.0007246286275318376
-0.0021321496517833155
0.0024806949706768795
0.005969427292608553
0.002686424734394321
0.00455402379735251
0.0021648263146522833
0.0025762247588062507
0.003945503130931237
0.004650256611395679
0.005869757537557651
0.007205414384426602
0.004088212462929871
0.0001275243110852697
0.003381340965436512
0.004159680374048295
0.009821008021592748
0.0039331347577518105
0.003365747405095401
-0.0004757037580177384
0.003173318847075331
0.005059886177949703
0.001920608614868431
0.0037025015083243474
0.0030792638718722537
0.001813008075443529
1.254728751477524e-05
0.001711364597297174
0.0011084697876932662
0.0019428181608756852
0.002895253697219886
0.005276081018239478
-0.0001621685705372431
0.003194556424783652
0.0033090463854429926
0.004969328278048778
0.0048475417815187945
0.0022471710386478376
0.00433162703132866
0.00407798872040203
0.007015883012197109
0.0007671605225067022
0.0033744238476895584
0.004349649990564334
0.0018264053965612477
0.002633974225091292
0.003307170564520717
-0.0005216380914623804
0.0023516135406522207
0.00443505570721353
0.0006694790458558891
0.0033547860095949505
0.0031637828306660884
0.006538252947096038
0.004854737757715756
0.0011284541822400905
0.001411342988275519
0.000872788077304688
0.0037109141156311675
0.002078756910666295
0.001286018089422489
0.002226412566691413
-0.0009553027992092525
0.00226835653291675
0.00025243559104756936
0.0025540084674719123
0.0019063564095883256
0.00031792131177872483
0.004251240629038949
0.0026159548376821313
0.0032388290276363432
-0.001807819890102474
0.0008019993979555458
0.0019928880199803697
0.0025301104301417607
0.003991451606534582
0.004760836316195667
0.0018044916285772975
0.0042483358142674605
0.0007117370673181407
0.005823601425999029
-0.0017152306610198297
0.0019869368074996157
0.0003897704896697249
0.0031042637325559173
0.0013701780213916568
-0.0006806942597045935
0.007618148747967144
0.0025858123924379617
0.003220728288900054
0.0036542310756905775
0.0029822823872422913
-0.0008421324850013857
0.0015014167116721062
0.0010400828165485882
0.0019183397098440325
-0.0034002990673606846
0.0023354647392270704
-0.0009429429950760564
0.0022879736312681545
0.003069505013145761
0.003432656244713593
0.0006387514449736296
-0.00025043249809320235
0.0011745585174481213
0.0035830926732925527
0.0017811014509624696
0.002809629654151549
-0.00016921496296753842
-0.002656107146812658
0.005814611960388819
0.0034587466999397142
0.00016663877419705806
0.0009737481314911567
0.00354141188175293
-0.0008202904676144003
0.0039058809925826008
0.0021490226673574857
0.004341589922137594
0.003812949590424507
-0.00021123194863679887
0.0030463737147165566
0.004481157054444418
0.002317376392756169
0.0026297451905927275
0.00016733563295080278
0.0006594117098055336
0.0001240858428172226
0.0040597933282531164
-0.0024875746964712307
-0.00019618000316769038
0.0030824688782098496
0.0017388711886348663
0.004894779924401003
0.00804054676228541
0.006623791183215308
0.0019067165933131993
0.00175773471761349
0.0013604170521347718
0.0005088079718416553
0.0008086477666933698
0.0010362077845841092
-0.00017325484021035953
0.0015945910714895318
0.001698378948439588
0.0016004889467182532
0.004564703193103976
0.001463097751578318
0.0022661041164084403
0.004980709791633202
-0.0005692011882179586
0.0005360895935474247
-0.000843814409438385
-0.00016826632844012433
0.0015201844373088523
0.0029574662852799778
0.001078230310164714
0.001119913836675947
0.0014022199389510685
0.00043954391904719645
0.0029853816269073464
0.0017471417108724412
0.0011622162843718646
0.0014206448989290733
0.002329374599023442
0.0016681326086352085
5.333360322490823e-06
0.002418053169569555
0.003992706577061673
0.0005887975711888582
-0.00019567886885639142
0.0016432092806761868
0.003926833694289883
0.0019954795975324546
0.00022140519095778714
0.0027219070523116433
0.00247169278875771
-0.00035585821966243263
0.0007881867527122797
0.0026224058650603757
-0.00016908838447128022
-0.00019375459328161833
0.0019003266462461698
0.0034668947773594536
0.0019232682382566686
0.00393904440963051
0.002074954421489395
0.0025201508244811076
0.0022561335008774762
0.0026651027972979992
0.000560645714616114
0.0022739609995981454
0.001889712044139013
-0.002110285262885459
0.00027160531113211146
0.0014979492708828335
0.0014735765397684995
0.0011394483257316703
-0.003137003026840789
0.002582045543803016
0.002661217119982214
0.001626372973939659
0.0019060725781051373
0.0013998875731598935
0.0028065001992432143
0.001990986529815894
0.00472816439471532
0.0011554727359754206
0.00044579502124314914
0.002368698589054363
0.0025450384363480765
-0.0009692466709344143
-0.0006281089528511373
-0.0005350248115464252
0.0010422070740260696
0.0032305487912787836
-0.001951214797725016
0.001354619488468534
0.0011521454683454846
0.0020277599884753346
-0.0005582620109217284
-2.0197840104447143e-05
-0.001397423303215711
0.003265240248953973
0.00644383108838171
0.0017951766415856495
0.002785884268620624
0.0028008206267638104
0.003081005875933699
0.0021277905367318795
0.0006195422859074376
0.0031190875112095287
0.003748472947947945
-0.002669809255525552
-0.0006127681220947461
0.0033281799978346033
0.00035120044663905487
0.0031371242535946278
0.0011059971262979227
-0.00020490256253214825
0.001862982561926716
0.0008656882865625507
-0.0011981909167775569
9.916184995445925e-05
-0.0002704052711936037
0.0008644050243563979
-0.00037389638149255193
3.318968202564182e-05
0.0027548786160822253
0.0016611107020187857
0.0014299008627933762
-0.0008028767319722757
0.0006328970243584086
0.0024457614118801397
0.0011162523153558875
-0.0003924827190643665
0.0014219270478118455
0.0008365064583199663
0.003034759203283424
0.001818964573445013
0.0014454334216146808
-0.0012245187145610366
0.002552384676203139
0.0028218438927148782
0.004207379381662336
-0.00025948853773135824
-0.0007432169853958726
-0.00061563206397282
0.0007772096496635867
0.002756122567268602
0.0021242874901947835
0.0009090988471391814
-0.00015443574604003698
0.0015825121965305756
0.00229002527161691
0.0033920952074883
0.002817234027322242
0.0042688280067959975
0.00017558799355524998
0.00013988730736688804
0.00167839447936263
0.0019474082605188444
-0.0014071873215379424
0.003626433075610984
0.0003605120837081887
0.0008702281683205533
0.0005976127565954511
0.0007533540476991993
0.003258348117865086
0.0040786496693366115
0.0017675697878431688
0.0005895803915328545
0.0008611405147032998
-0.0002575180280993592
0.0028545963978047974
0.0037422956322701977
0.0001109317251390027
-0.0009026787228605459
-0.00021109414545419014
-0.0002596789568508422
-0.0010537428761668302
9.678953400661868e-05
0.00157807385506485
0.0022532557122151883
-0.000770390912379513
0.0011708574031617622
-0.00027114221612903393
0.004305449260181026
0.001376705246700977
0.0016255705316884533
0.003411015779703571
0.00036613205667540175
0.0014839016051168003
0.0017795037356154763
0.003760096174588178
0.0010924720218100864
0.002499301696431755
-0.0015217490296929284
-0.0002299311385073563
0.00019895381560816199
-0.0005861522453112104
-0.0005761006524732325
0.0029999829109513903
0.0009329182134731063
0.00028979969722402426
-1.5284201929537434e-05
0.00036376773888596834
0.003875015771663294
0.0020453706165587133
1.7438158477762077e-05
0.001776599206897393
0.0002604727968247641
0.001436346299302956
0.0013056752353578238
0.001110562302356131
0.0018995189620213664
0.0027195289085714543
-0.0005223277627660288
0.0019429551742001698
0.0018878368711783057
0.0035040208892807485
0.002660281443393056
0.0006498949327767405
-3.8911425995313745e-05
0.0008437307736227096
0.0011461976130338273
0.0001811152802505754
0.0006178115137788956
0.0010254956190981716
0.0008197476029379585
-0.00043610290035092566
0.0009629255747180727
0.0003408478302941503
-4.808449788055663e-05
-0.00022406967234125602
0.0007796181706089299
0.0009544359201459801
-0.0005675896163267717
0.0009668023832338973
-0.00016276476690379375
0.0001676997215995547
0.0005372304767195953
0.0006654181227891948
4.50722602837853e-05
0.00027321064176049346
0.001320817560407903
0.001236182486329962
0.0003842647014088653
0.001236692311074166
5.636057924882025e-05
-0.0012931573880005664
0.0007690434973301188
0.0010178507834854985
0.0008535883740322213
-0.00030061715822645265
0.0005121570468320154
0.00035217031252084575
-0.0001690701680958688
0.0004831689752006137
0.00042966429064774097
0.0008749107513837312
-0.0007339427786267173
-0.0007052764767368565
-0.00022088145340336488
0.0007506670819833903
0.0008919647381616752
-0.0006516550689431025
-0.00044878798103639554
0.0004782823544721208
-3.149821155907493e-05
0.0005623614158899726
0.00047118125537269227
0.00026759858457209556
0.0006417891537854372
-0.0008240631524929367
-0.00046555657971867064
0.0005678165812418297
-8.087915189980064e-05
-0.00034929777438128396
-0.00045210871971539324
-6.0721352208940687e-05
0.0003024643519518183
0.0005925484218945789
0.00018667579759103076
0.0007228918254093412
0.000681436044235705
0.0009700185288995446
0.0006669103141102647
-0.00045293560901718836
0.0007558346817264986
0.0009124321697842312
-5.731476883376788e-05
0.0005561957175349983
2.0415117154333333e-05
0.0019115250748853924
0.0008078572259636429
0.00043749504280119096
0.000848355899655504
0.00037735266619519223
0.0007887711827838003
0.00010983495532636842
-0.00028496182172145523
0.0006033530342369043
-0.00034605413772228794
0.0004369224093244041
7.341376168619481e-05
0.00011293267274749936
0.0004158829540405509
0.0009092208235667372
4.222452478001849e-05
8.12494480230251e-05
0.0009946266612241603
-7.25153250159232e-05
-0.00010436147709803001
-0.0006883363683010531
-0.00012989189967310504
0.0004532509654951783
-0.0005607905478799441
0.0003268636223108895
-0.00047665233931887176
0.0009584536370232138
0.0004934501656550281
0.0010389914253493158
0.0020463065348279327
-0.0006998623464207442
-6.8774755720554e-05
0.00032570743213518463
-0.00014189285692825447
0.0004277863051435348
0.00031518603836289626
-0.0002800344459350909
0.00012196180590779992
-0.00032242291880748045
-0.0003227576333523687
0.000437013395790826
0.0003999943637577944
-0.0010333744534211727
-4.30509835861838e-05
0.0006458943876636186
0.0005102856799518568
-0.0016078243234404327
-2.8840313005377773e-05
0.0003975544175390391
-0.00026856373628679833
0.00019541662109620885
0.00013520428605744912
0.00024248488240151249
-3.167886300661167e-05
0.0011688082357504583
2.1108858990151746e-05
0.00032698127343539515
0.0003012204674624056
0.0002790783796411873
0.00015452404615296306
0.0002576422174720984
0.0006205889307957742
-3.553832096494356e-05
0.00021277403736616013
0.0004814472114408975
0.000490796674872035
0.0003419439319415111
0.0008612687281433876
5.488752694681192e-05
0.0004818510564320846
-0.00011063811450887776
0.0012519629265677406
0.0002604795728811311
0.0003889970251513453
0.00035478597768623225
0.00037218798495518735
0.0013427442719749507
4.318902210640661e-05
0.0003521459827755896
0.0001692266603510674
0.0001398337552456522
-0.00020324957566794283
0.0006742567828067297
-0.0003342647771806881
-0.0006371599840682311
0.00012249199497800636
0.0001739194138215223
0.0003200671922403645
0.0014484725081425128
-0.001051058466691593
-0.00026798981515598855
0.00024730753232488247
-0.00032883684132183793
-0.0003999101704768252
-0.0003926732648819682
0.0004417788778529205
0.00023051025811581666
-9.155066008107966e-06
0.0003670930806299448
0.0003525235555193447
5.655952826502356e-07
-9.281390554628328e-05
0.00030082085245537943
0.0016269628005472774
-0.0004285670589566433
-0.0001691323479575671
0.00023687690303231569
0.0007064812296458767
0.0007061869641429685
0.0005270857959439927
-0.0004872092214096775
-0.0007529804145690858
-6.104422596644395e-05
0.0015224187065151626
0.0002081013011050879
-0.000668348492761572
0.00016274886757637383
-2.0936649495401896e-05
0.00020942915026100992
-0.00029344849719028485
-0.0006329379072522187
-0.00030692875869414097
-0.00014467066010705908
0.0007823532013776069
0.00014117842247009121
-0.00017678048349471423
-0.0002958989772049156
-0.0005835168300038309
-0.0003945683816166006
0.0011792747206815042
-0.0006990774156017626
0.0003283007822205191
0.00012947745230309813
0.00014032187310258375
-3.741177224422065e-06
-0.0005535728893604395
0.0003054642901323294
-8.875886933520688e-05
-0.00010710922325997808
0.00032595741046072144
0.0004672517464336643
-0.0006572682730508261
0.0005641350246729555
0.0012341274809101802
0.0001840658860103999
0.0005253760564688911
0.00011943897326063832
0.00048616797915260516
-0.0007206279939992435
-0.0006197200446000738
-0.0002777201404342761
0.00038021958365787057
0.00037017493095064136
0.0005750814742036779
0.00039817554864443816
0.00030807340209484035
0.00016788480366499944
0.0003459076902001185
0.0003485840732875009
0.00033282401256378374
-0.00019033535837177068
-0.00012773449702045624
0.0003004323912765698
-0.0012194552523838713
0.00012599924055374507
0.00018443609770577303
-2.289901053485739e-05
0.0005334133901842749
-8.294326322409913e-05
-0.00011901843742142249
0.0005906516560089846
0.0004962003622117361
9.360104798887623e-05
-8.501571134774343e-05
0.0007387056260423555
0.0004641789004465925
0.0003062200442609887
-0.00020289304030269038
-8.605998632387523e-05
0.0004131039484879142
-0.0004517871522891552
0.0007461959025427385
-0.00046721124143490206
0.0001307980103999826
-0.0006928410270279919
-0.00018385742840718256
-0.0004357325993194286
0.00044170955861078283
0.001054432884059608
0.000520047074506733
0.0011554140503267942
0.00028795312206852665
-0.0004099470615749865
0.00034891503565431445
-6.712662262224466e-05
0.00010519931321165859
0.0005833268988410677
0.0002923962515666148
-0.0007174697281284202
0.0007532835010344737
-0.00017023975036658216
0.0002407806023923678
0.0007040125422371474
-0.00023812904401487788
-0.0009767434726553567
-0.00010695103855826631
0.00012200225439801184
-0.00018874153749565253
0.0008999521291580318
0.0010645760246649303
0.00043181658166194817
0.00031749800207448825
0.00032642232715458596
0.00032898397216747925
0.0005100689234916612
0.0010020641357044659
0.00018011476797254433
0.0010348703670854029
-0.0002709406182274783
0.0004038597190646104
0.0011146325319395507
0.0009539367513494639
0.001613743738097354
-0.0003903012451441496
0.0003232456979361132
-0.00019973626387617758
-0.0004340032073049059
9.707448980284328e-05
-0.0003858388409291012
8.920737847177264e-05
0.0011634998723758384
0.00033118197322462106
0.00045677045933152773
0.00018334381881971018
0.0005626165962852768
-0.0012305911718978766
4.453413046766173e-05
-0.0005173307622388441
0.0009854916557331579
0.00033923423382655425
-0.00016780722718336887
-0.0005616254109487196
-3.069011543095295e-05
-0.000945402302129453
0.0005122370066379428
-0.0012442341940387576
-0.00021770804143170694
0.0002864585809416001
0.000990902242872125
0.00012155469088956009
-0.0002681324528301779
-0.0006918943707997371
-0.00043837603306697015
-0.00018178440889426572
-0.00046457154971342863
-0.00012190796803148457
0.0011033839806817176
0.0005563015880906978
-0.0006066385083346917
0.0001243484487356356
0.0003692905548235649
-0.0007954386072891727
-0.0001594736864144323
0.00013440480965765813
-0.00026609380760404014
-0.00035804035715809857
0.0003052353100756394
0.00030053107919575026
0.0009502866294512364
0.0010497865161398939
-0.0005729655110081056
8.959426881343439e-05
9.987409471032896e-05
0.0011896210999811276
0.0008312685379375182
7.641940872693203e-05
0.00043795278265002516
0.0004646886185153157
0.0007743011546191777
-0.0007801189852417512
0.0005803008070168631
0.00034406032340916407
6.57527459931753e-05
-0.00011583100009914313
0.00027663875450541773
0.00011765634644324315
9.40664429697308e-05
0.0006745295431078528
-0.00022100163468402535
0.001059880797620794
0.0012938373771142744
0.0008140118254162798
-0.0007364337708762312
0.001205541574569941
6.396386882242763e-05
-0.0004651855834346885
0.000296413793224736
0.0011172754922696183
-3.4159138542337687e-05
0.0004897081540825345
-0.000474033247191656
0.000718678453433211
-5.9909319035807794e-05
-0.00015091833129259968
0.001365366803379442
0.0010203421603021139
-0.0008082516665436815
-0.0005523070677217063
0.0009423573720655131
0.0004977912995236574
-0.000601350561796739
0.000703067622566029
0.00030821677521659517
0.000230847942957967
-0.00031255302428102546
0.00048766736440074813
-0.0002663881370724816
0.00014676897408483257
0.00031451184089571256
-0.00012181446317345059
0.0004868830847557097
0.0006715669268670988
-0.00034766306416627533
0.001418046788811404
-0.0008147797185811337
0.0003964619654032386
0.00014634180708854544
0.0004155854541985679
0.00020459812859915534
0.0004039354542950233
0.0007430225894542016
0.0003641224575254451
0.0007957803260103802
0.00023028642652413514
0.00021493119435328384
0.0007158760482630983
-0.0001417724040631237
0.0006544604940402773
-0.00012578214424919834
0.0007617294897508483
0.0003701352788482886
0.0006879830134833523
-0.000676632704927354
-0.0002404252652483059
0.0009055467667042354
1.7996473161808595e-05
0.0007883697563686527
-0.0003444551836264256
-0.00047500823437060844
-5.890075947416581e-05
0.0004151024508292889
-0.0011975762319471899
-0.0003594476958910886
0.0003866910832910259
0.0014025408249102882
8.369385251179469e-05
0.0006458121336567819
7.432774735049697e-05
0.0008043074277542992
-0.0007318324313535177
0.00034444177799134086
0.00019709061782642335
-0.0006061587991860709
-0.0007684207704305416
0.00038375942945205585
0.0005563612522036201
0.00024516726835781803
9.664988191744438e-05
0.0005773255698576094
-6.118694768071779e-05
-6.488621017500189e-05
-6.829053108804392e-05
0.0014713332801840596
0.0007599235672884311
0.000539705930339877
0.0012622791770251337
-0.0008734498988015008
0.000704579664661897
-0.00040644600438221673
0.0006668065058353445
0.0002468604653598205
0.0008805135054765992
0.0009214268811677526
-0.00023953704057689125
0.0008630731912099926
-0.0005113467559006506
0.00016949359056749603
0.00032620904964674813
-0.00017947201790993159
0.0005056355895733825
0.0006803879780605309
0.0007177988904232976
0.0013084479602465178
0.0005730505196572885
-0.0002528702615124001
0.0007300794074315848
0.0005582618947266174
0.0003048683757577667
0.0003000776440265757
0.0005788429162882097
-0.000937865698987454
-0.00027949165956827655
-0.00041276840369480235
0.0012559506926104037
-3.637913490717633e-05
-0.000680964742682037
0.0010921522573837288
0.0008847503553532966
-0.00031085981802539506
0.00027798324237559256
0.0007497356745422521
0.00015652937950444372
6.975986266928698e-05
0.0005877352821409374
-0.0008434200995365244
0.0002274099643845585
-0.00017390612398405388
0.00031847773602634063
0.0005253226101726497
0.0004183082520423581
0.00020603330041037095
-0.0009645939590704171
3.6986148086887006e-05
0.0003395359686106526
0.0011613867527451986
-0.0008924870445657177
-0.0004272563095026918
-0.0007494686338388889
0.0008781062393945265
-0.0006356619263720798
0.0004903141499990203
