[alpha, beta]
[1. 1.]
[2.259 4.741]
[3.526 8.474]
[ 4.781 12.219]
[ 6.039 15.961]
[ 7.298 19.702]
[ 8.568 23.432]
[ 9.775 27.225]
[11.046 30.954]
[12.298 34.702]
[13.534 38.466]
[14.76 42.24]
[15.982 46.018]
[17.305 49.695]
[18.614 53.386]
[19.847 57.153]
[21.085 60.915]
[22.318 64.682]
[23.526 68.474]
[24.785 72.215]
[26.034 75.966]
[27.279 79.721]
[28.509 83.491]
[29.766 87.234]
[31.055 90.945]
[32.289 94.711]
[33.528 98.472]
[ 34.779 102.221]
[ 36.046 105.954]
[ 37.257 109.743]
[ 38.498 113.502]
[ 39.762 117.238]
[ 40.992 121.008]
[ 42.209 124.791]
[ 43.425 128.575]
[ 44.642 132.358]
[ 45.851 136.149]
[ 47.062 139.938]
[ 48.302 143.698]
[ 49.526 147.474]
[ 50.788 151.212]
[ 52.063 154.937]
[ 53.346 158.654]
[ 54.534 162.466]
[ 55.784 166.216]
[ 57.043 169.957]
[ 58.307 173.693]
[ 59.599 177.401]
[ 60.822 181.178]
[ 62.061 184.939]
[ 63.32 188.68]
[ 64.633 192.367]
[ 65.832 196.168]
[ 67.105 199.895]
[ 68.395 203.605]
[ 69.668 207.332]
[ 70.886 211.114]
[ 72.126 214.874]
[ 73.371 218.629]
[ 74.639 222.361]
[ 75.847 226.153]
[ 77.116 229.884]
[ 78.358 233.642]
[ 79.597 237.403]
[ 80.846 241.154]
[ 82.122 244.878]
[ 83.428 248.572]
[ 84.664 252.336]
[ 85.894 256.106]
[ 87.172 259.828]
[ 88.442 263.558]
[ 89.669 267.331]
[ 90.94 271.06]
[ 92.22 274.78]
[ 93.466 278.534]
[ 94.708 282.292]
[ 95.998 286.002]
[ 97.202 289.798]
[ 98.451 293.549]
[ 99.713 297.287]
[100.963 301.037]
[102.21 304.79]
[103.477 308.523]
[104.722 312.278]
[105.957 316.043]
[107.225 319.775]
[108.439 323.561]
[109.663 327.337]
[110.933 331.067]
[112.132 334.868]
[113.377 338.623]
[114.694 342.306]
[115.975 346.025]
[117.254 349.746]
[118.534 353.466]
[119.777 357.223]
[121.074 360.926]
[122.353 364.647]
[123.621 368.379]
[124.821 372.179]
[126.096 375.904]
[127.343 379.657]
[128.615 383.385]
[129.871 387.129]
[131.172 390.828]
[132.441 394.559]
[133.651 398.349]
[134.948 402.052]
[136.188 405.812]
[137.379 409.621]
[138.602 413.398]
[139.857 417.143]
[141.166 420.834]
[142.418 424.582]
[143.618 428.382]
[144.853 432.147]
[146.111 435.889]
[147.352 439.648]
[148.592 443.408]
[149.888 447.112]
[151.191 450.809]
[152.447 454.553]
[153.701 458.299]
[154.911 462.089]
[156.165 465.835]
[157.35 469.65]
[158.608 473.392]
[159.83 477.17]
[161.045 480.955]
[162.325 484.675]
[163.627 488.373]
[164.857 492.143]
[166.056 495.944]
[167.377 499.623]
[168.569 503.431]
[169.856 507.144]
[171.138 510.862]
[172.4 514.6]
[173.657 518.343]
[174.954 522.046]
[176.183 525.817]
[177.391 529.609]
[178.658 533.342]
[179.937 537.063]
[181.217 540.783]
[182.5 544.5]
[183.738 548.262]
[184.985 552.015]
[186.227 555.773]
[187.467 559.533]
[188.74 563.26]
[189.993 567.007]
[191.227 570.773]
[192.503 574.497]
[193.734 578.266]
[194.988 582.012]
[196.238 585.762]
[197.485 589.515]
[198.74 593.26]
[199.967 597.033]
[201.225 600.775]
[202.451 604.549]
[203.764 608.236]
[205.06 611.94]
[206.379 615.621]
[207.644 619.356]
[208.916 623.084]
[210.172 626.828]
[211.435 630.565]
[212.681 634.319]
[213.904 638.096]
[215.164 641.836]
[216.409 645.591]
[217.683 649.317]
[218.898 653.102]
[220.121 656.879]
[221.374 660.626]
[222.66 664.34]
[223.926 668.074]
[225.133 671.867]
[226.349 675.651]
[227.592 679.408]
[228.853 683.147]
[230.083 686.917]
[231.325 690.675]
[232.551 694.449]
[233.769 698.231]
[235.051 701.949]
[236.328 705.672]
[237.591 709.409]
[238.851 713.149]
[240.069 716.931]
[241.307 720.693]
[242.572 724.428]
[243.869 728.131]
[245.136 731.864]
[246.427 735.573]
[247.697 739.303]
[248.954 743.046]
[250.227 746.773]
[251.486 750.514]
[252.749 754.251]
[253.981 758.019]
[255.233 761.767]
[256.42 765.58]
[257.665 769.335]
[258.966 773.034]
[260.162 776.838]
[261.392 780.608]
[262.599 784.401]
[263.87 788.13]
[265.142 791.858]
[266.395 795.605]
[267.639 799.361]
[268.863 803.137]
[270.141 806.859]
[271.398 810.602]
[272.668 814.332]
[273.882 818.118]
[275.111 821.889]
[276.41 825.59]
[277.67 829.33]
[278.925 833.075]
[280.244 836.756]
[281.481 840.519]
[282.727 844.273]
[283.993 848.007]
[285.201 851.799]
[286.436 855.564]
[287.674 859.326]
[288.942 863.058]
[290.227 866.773]
[291.452 870.548]
[292.678 874.322]
[293.935 878.065]
[295.191 881.809]
[296.482 885.518]
[297.768 889.232]
[298.99 893.01]
[300.239 896.761]
[301.421 900.579]
[302.773 904.227]
[303.982 908.018]
[305.235 911.765]
[306.463 915.537]
[307.681 919.319]
[308.907 923.093]
[310.221 926.779]
[311.495 930.505]
[312.75 934.25]
[313.955 938.045]
[315.177 941.823]
[316.488 945.512]
[317.736 949.264]
[318.979 953.021]
[320.247 956.753]
[321.503 960.497]
[322.78 964.22]
[323.99 968.01]
[325.251 971.749]
[326.512 975.488]
[327.754 979.246]
[329.076 982.924]
[330.351 986.649]
[331.649 990.351]
[332.931 994.069]
[334.169 997.831]
[ 335.435 1001.565]
[ 336.662 1005.338]
[ 337.917 1009.083]
[ 339.247 1012.753]
[ 340.531 1016.469]
[ 341.801 1020.199]
[ 343.003 1023.997]
[ 344.249 1027.751]
[ 345.526 1031.474]
[ 346.8 1035.2]
[ 348.069 1038.931]
[ 349.306 1042.694]
[ 350.554 1046.446]
[ 351.814 1050.186]
[ 353.027 1053.973]
[ 354.297 1057.703]
[ 355.556 1061.444]
[ 356.816 1065.184]
[ 358.035 1068.965]
[ 359.262 1072.738]
[ 360.487 1076.513]
[ 361.705 1080.295]
[ 362.998 1084.002]
[ 364.254 1087.746]
[ 365.5 1091.5]
[ 366.736 1095.264]
[ 368.023 1098.977]
[ 369.324 1102.676]
[ 370.614 1106.386]
[ 371.886 1110.114]
[ 373.096 1113.904]
[ 374.327 1117.673]
[ 375.588 1121.412]
[ 376.866 1125.134]
[ 378.121 1128.879]
[ 379.374 1132.626]
[ 380.61 1136.39]
[ 381.852 1140.148]
[ 383.145 1143.855]
[ 384.375 1147.625]
[ 385.633 1151.367]
[ 386.836 1155.164]
[ 388.074 1158.926]
[ 389.321 1162.679]
[ 390.57 1166.43]
[ 391.82 1170.18]
[ 393.092 1173.908]
[ 394.345 1177.655]
[ 395.595 1181.405]
[ 396.767 1185.233]
[ 397.985 1189.015]
[ 399.22 1192.78]
[ 400.446 1196.554]
[ 401.666 1200.334]
[ 402.905 1204.095]
[ 404.202 1207.798]
[ 405.422 1211.578]
[ 406.691 1215.309]
[ 407.921 1219.079]
[ 409.183 1222.817]
[ 410.442 1226.558]
[ 411.62 1230.38]
[ 412.838 1234.162]
[ 414.091 1237.909]
[ 415.333 1241.667]
[ 416.559 1245.441]
[ 417.815 1249.185]
[ 419.057 1252.943]
[ 420.311 1256.689]
[ 421.596 1260.404]
[ 422.808 1264.192]
[ 424.018 1267.982]
[ 425.247 1271.753]
[ 426.44 1275.56]
[ 427.668 1279.332]
[ 428.875 1283.125]
[ 430.148 1286.852]
[ 431.371 1290.629]
[ 432.648 1294.352]
[ 433.895 1298.105]
[ 435.173 1301.827]
[ 436.42 1305.58]
[ 437.657 1309.343]
[ 438.892 1313.108]
[ 440.144 1316.856]
[ 441.39 1320.61]
[ 442.644 1324.356]
[ 443.897 1328.103]
[ 445.126 1331.874]
[ 446.353 1335.647]
[ 447.61 1339.39]
[ 448.834 1343.166]
[ 450.085 1346.915]
[ 451.309 1350.691]
[ 452.573 1354.427]
[ 453.837 1358.163]
[ 455.095 1361.905]
[ 456.351 1365.649]
[ 457.626 1369.374]
[ 458.829 1373.171]
[ 460.059 1376.941]
[ 461.323 1380.677]
[ 462.555 1384.445]
[ 463.829 1388.171]
[ 465.068 1391.932]
[ 466.37 1395.63]
[ 467.649 1399.351]
[ 468.906 1403.094]
[ 470.109 1406.891]
[ 471.331 1410.669]
[ 472.578 1414.422]
[ 473.804 1418.196]
[ 475.041 1421.959]
[ 476.304 1425.696]
[ 477.561 1429.439]
[ 478.769 1433.231]
[ 480.024 1436.976]
[ 481.26 1440.74]
[ 482.511 1444.489]
[ 483.774 1448.226]
[ 485.039 1451.961]
[ 486.3 1455.7]
[ 487.555 1459.445]
[ 488.88 1463.12]
[ 490.172 1466.828]
[ 491.416 1470.584]
[ 492.662 1474.338]
[ 493.95 1478.05]
[ 495.157 1481.843]
[ 496.419 1485.581]
[ 497.667 1489.333]
[ 498.902 1493.098]
[ 500.12 1496.88]
[ 501.338 1500.662]
[ 502.571 1504.429]
[ 503.837 1508.163]
[ 505.062 1511.938]
[ 506.316 1515.684]
[ 507.544 1519.456]
[ 508.775 1523.225]
[ 510.051 1526.949]
[ 511.289 1530.711]
[ 512.542 1534.458]
[ 513.797 1538.203]
[ 515.084 1541.916]
[ 516.325 1545.675]
[ 517.565 1549.435]
[ 518.806 1553.194]
[ 520.073 1556.927]
[ 521.34 1560.66]
[ 522.589 1564.411]
[ 523.839 1568.161]
[ 525.036 1571.964]
[ 526.317 1575.683]
[ 527.582 1579.418]
[ 528.769 1583.231]
[ 530.011 1586.989]
[ 531.281 1590.719]
[ 532.515 1594.485]
[ 533.809 1598.191]
[ 535.066 1601.934]
[ 536.284 1605.716]
[ 537.523 1609.477]
[ 538.778 1613.222]
[ 540.007 1616.993]
[ 541.255 1620.745]
[ 542.487 1624.513]
[ 543.699 1628.301]
[ 544.962 1632.038]
[ 546.235 1635.765]
[ 547.533 1639.467]
[ 548.807 1643.193]
[ 550.03 1646.97]
[ 551.289 1650.711]
[ 552.581 1654.419]
[ 553.824 1658.176]
[ 555.07 1661.93]
[ 556.288 1665.712]
[ 557.571 1669.429]
[ 558.871 1673.129]
[ 560.129 1676.871]
[ 561.386 1680.614]
[ 562.614 1684.386]
[ 563.847 1688.153]
[ 565.077 1691.923]
[ 566.322 1695.678]
[ 567.613 1699.387]
[ 568.868 1703.132]
[ 570.091 1706.909]
[ 571.342 1710.658]
[ 572.599 1714.401]
[ 573.836 1718.164]
[ 575.093 1721.907]
[ 576.316 1725.684]
[ 577.58 1729.42]
[ 578.785 1733.215]
[ 580.014 1736.986]
[ 581.236 1740.764]
[ 582.471 1744.529]
[ 583.748 1748.252]
[ 584.99 1752.01]
[ 586.257 1755.743]
[ 587.489 1759.511]
[ 588.712 1763.288]
[ 589.954 1767.046]
[ 591.181 1770.819]
[ 592.446 1774.554]
[ 593.692 1778.308]
[ 594.916 1782.084]
[ 596.194 1785.806]
[ 597.435 1789.565]
[ 598.697 1793.303]
[ 599.994 1797.006]
[ 601.238 1800.762]
[ 602.485 1804.515]
[ 603.723 1808.277]
[ 604.928 1812.072]
[ 606.162 1815.838]
[ 607.398 1819.602]
[ 608.676 1823.324]
[ 609.939 1827.061]
[ 611.189 1830.811]
[ 612.447 1834.553]
[ 613.699 1838.301]
[ 614.955 1842.045]
[ 616.212 1845.788]
[ 617.452 1849.548]
[ 618.723 1853.277]
[ 619.951 1857.049]
[ 621.256 1860.744]
[ 622.481 1864.519]
[ 623.741 1868.259]
[ 624.948 1872.052]
[ 626.177 1875.823]
[ 626.416 1876.584]
[ 626.678 1877.322]
[ 626.917 1878.083]
[ 627.156 1878.844]
[ 627.395 1879.605]
[ 627.647 1880.353]
[ 627.888 1881.112]
[ 628.112 1881.888]
[ 628.368 1882.632]
[ 628.591 1883.409]
[ 628.808 1884.192]
[ 629.027 1884.973]
[ 629.287 1885.713]
[ 629.529 1886.471]
[ 629.772 1887.228]
[ 630.023 1887.977]
[ 630.267 1888.733]
[ 630.507 1889.493]
[ 630.744 1890.256]
[ 631.025 1890.975]
[ 631.267 1891.733]
[ 631.511 1892.489]
[ 631.723 1893.277]
[ 631.965 1894.035]
[ 632.212 1894.788]
[ 632.466 1895.534]
[ 632.725 1896.275]
[ 632.967 1897.033]
[ 633.211 1897.789]
[ 633.475 1898.525]
[ 633.717 1899.283]
[ 633.975 1900.025]
[ 634.21 1900.79]
[ 634.439 1901.561]
[ 634.691 1902.309]
[ 634.936 1903.064]
[ 635.186 1903.814]
[ 635.44 1904.56]
[ 635.694 1905.306]
[ 635.956 1906.044]
[ 636.21 1906.79]
[ 636.459 1907.541]
[ 636.716 1908.284]
[ 636.974 1909.026]
[ 637.219 1909.781]
[ 637.459 1910.541]
[ 637.716 1911.284]
[ 637.978 1912.022]
[ 638.239 1912.761]
[ 638.486 1913.514]
[ 638.736 1914.264]
[ 638.977 1915.023]
[ 639.228 1915.772]
[ 639.458 1916.542]
[ 639.759 1917.241]
[ 640.018 1917.982]
[ 640.294 1918.706]
[ 640.535 1919.465]
[ 640.785 1920.215]
[ 641.024 1920.976]
[ 641.268 1921.732]
[ 641.51 1922.49]
[ 641.748 1923.252]
[ 642.008 1923.992]
[ 642.274 1924.726]
[ 642.519 1925.481]
[ 642.757 1926.243]
[ 643.032 1926.968]
[ 643.272 1927.728]
[ 643.5 1928.5]
[ 643.749 1929.251]
[ 643.996 1930.004]
[ 644.236 1930.764]
[ 644.485 1931.515]
[ 644.747 1932.253]
[ 644.987 1933.013]
[ 645.23 1933.77]
[ 645.471 1934.529]
[ 645.686 1935.314]
[ 645.955 1936.045]
[ 646.21 1936.79]
[ 646.46 1937.54]
[ 646.722 1938.278]
[ 646.972 1939.028]
[ 647.247 1939.753]
[ 647.497 1940.503]
[ 647.756 1941.244]
[ 648.02 1941.98]
[ 648.264 1942.736]
[ 648.513 1943.487]
[ 648.764 1944.236]
[ 649.009 1944.991]
[ 649.262 1945.738]
[ 649.543 1946.457]
[ 649.79 1947.21]
[ 650.032 1947.968]
[ 650.282 1948.718]
[ 650.535 1949.465]
[ 650.808 1950.192]
[ 651.068 1950.932]
[ 651.328 1951.672]
[ 651.578 1952.422]
[ 651.821 1953.179]
[ 652.066 1953.934]
[ 652.332 1954.668]
[ 652.588 1955.412]
[ 652.867 1956.133]
[ 653.117 1956.883]
[ 653.378 1957.622]
[ 653.627 1958.373]
[ 653.883 1959.117]
[ 654.138 1959.862]
[ 654.398 1960.602]
[ 654.639 1961.361]
[ 654.884 1962.116]
[ 655.121 1962.879]
[ 655.37 1963.63]
[ 655.619 1964.381]
[ 655.869 1965.131]
[ 656.107 1965.893]
[ 656.359 1966.641]
[ 656.595 1967.405]
[ 656.846 1968.154]
[ 657.084 1968.916]
[ 657.36 1969.64]
[ 657.602 1970.398]
[ 657.866 1971.134]
[ 658.123 1971.877]
[ 658.381 1972.619]
[ 658.658 1973.342]
[ 658.901 1974.099]
[ 659.142 1974.858]
[ 659.396 1975.604]
[ 659.636 1976.364]
[ 659.876 1977.124]
[ 660.15 1977.85]
[ 660.38 1978.62]
[ 660.629 1979.371]
[ 660.892 1980.108]
[ 661.16 1980.84]
[ 661.41 1981.59]
[ 661.643 1982.357]
[ 661.901 1983.099]
[ 662.15 1983.85]
[ 662.405 1984.595]
[ 662.653 1985.347]
[ 662.9 1986.1]
[ 663.157 1986.843]
[ 663.407 1987.593]
[ 663.665 1988.335]
[ 663.921 1989.079]
[ 664.165 1989.835]
[ 664.393 1990.607]
[ 664.634 1991.366]
[ 664.894 1992.106]
[ 665.149 1992.851]
[ 665.419 1993.581]
[ 665.675 1994.325]
[ 665.933 1995.067]
[ 666.158 1995.842]
[ 666.418 1996.582]
[ 666.669 1997.331]
[ 666.934 1998.066]
[ 667.185 1998.815]
[ 667.417 1999.583]
[ 667.676 2000.324]
[ 667.919 2001.081]
[ 668.153 2001.847]
[ 668.399 2002.601]
[ 668.648 2003.352]
[ 668.904 2004.096]
[ 669.162 2004.838]
[ 669.396 2005.604]
[ 669.637 2006.363]
[ 669.877 2007.123]
[ 670.117 2007.883]
[ 670.37 2008.63]
[ 670.613 2009.387]
[ 670.872 2010.128]
[ 671.129 2010.871]
[ 671.379 2011.621]
[ 671.61 2012.39]
[ 671.842 2013.158]
[ 672.078 2013.922]
[ 672.347 2014.653]
[ 672.587 2015.413]
[ 672.861 2016.139]
[ 673.124 2016.876]
[ 673.373 2017.627]
[ 673.611 2018.389]
[ 673.865 2019.135]
[ 674.091 2019.909]
[ 674.337 2020.663]
[ 674.591 2021.409]
[ 674.841 2022.159]
[ 675.078 2022.922]
[ 675.338 2023.662]
[ 675.577 2024.423]
[ 675.838 2025.162]
[ 676.085 2025.915]
[ 676.347 2026.653]
[ 676.574 2027.426]
[ 676.814 2028.186]
[ 677.072 2028.928]
[ 677.296 2029.704]
[ 677.54 2030.46]
[ 677.769 2031.231]
[ 678.009 2031.991]
[ 678.261 2032.739]
[ 678.507 2033.493]
[ 678.764 2034.236]
[ 679.046 2034.954]
[ 679.291 2035.709]
[ 679.564 2036.436]
[ 679.809 2037.191]
[ 680.059 2037.941]
[ 680.304 2038.696]
[ 680.558 2039.442]
[ 680.794 2040.206]
[ 681.027 2040.973]
[ 681.265 2041.735]
[ 681.506 2042.494]
[ 681.757 2043.243]
[ 682.002 2043.998]
[ 682.241 2044.759]
[ 682.497 2045.503]
[ 682.734 2046.266]
[ 682.987 2047.013]
[ 683.262 2047.738]
[ 683.535 2048.465]
[ 683.784 2049.216]
[ 684.058 2049.942]
[ 684.32 2050.68]
[ 684.559 2051.441]
[ 684.812 2052.188]
[ 685.048 2052.952]
[ 685.291 2053.709]
[ 685.553 2054.447]
[ 685.815 2055.185]
[ 686.058 2055.942]
[ 686.325 2056.675]
[ 686.564 2057.436]
[ 686.815 2058.185]
[ 687.047 2058.953]
[ 687.278 2059.722]
[ 687.542 2060.458]
[ 687.799 2061.201]
[ 688.065 2061.935]
[ 688.289 2062.711]
[ 688.536 2063.464]
[ 688.771 2064.229]
[ 689.058 2064.942]
[ 689.313 2065.687]
[ 689.559 2066.441]
[ 689.79 2067.21]
[ 690.053 2067.947]
[ 690.289 2068.711]
[ 690.501 2069.499]
[ 690.786 2070.214]
[ 691.034 2070.966]
[ 691.289 2071.711]
[ 691.539 2072.461]
[ 691.799 2073.201]
[ 692.05 2073.95]
[ 692.297 2074.703]
[ 692.544 2075.456]
[ 692.805 2076.195]
[ 693.077 2076.923]
[ 693.319 2077.681]
[ 693.545 2078.455]
[ 693.797 2079.203]
[ 694.046 2079.954]
[ 694.292 2080.708]
[ 694.545 2081.455]
[ 694.812 2082.188]
[ 695.042 2082.958]
[ 695.263 2083.737]
[ 695.506 2084.494]
[ 695.73 2085.27]
[ 695.99 2086.01]
[ 696.225 2086.775]
[ 696.462 2087.538]
[ 696.71 2088.29]
[ 696.957 2089.043]
[ 697.214 2089.786]
[ 697.473 2090.527]
[ 697.715 2091.285]
[ 697.942 2092.058]
[ 698.191 2092.809]
[ 698.445 2093.555]
[ 698.685 2094.315]
[ 698.94 2095.06]
[ 699.196 2095.804]
[ 699.469 2096.531]
[ 699.73 2097.27]
[ 699.988 2098.012]
[ 700.233 2098.767]
[ 700.477 2099.523]
[ 700.73 2100.27]
[ 700.983 2101.017]
[ 701.23 2101.77]
[ 701.47 2102.53]
[ 701.723 2103.277]
[ 701.985 2104.015]
[ 702.224 2104.776]
[ 702.493 2105.507]
[ 702.73 2106.27]
[ 702.953 2107.047]
[ 703.191 2107.809]
[ 703.455 2108.545]
[ 703.696 2109.304]
[ 703.924 2110.076]
[ 704.191 2110.809]
[ 704.41 2111.59]
[ 704.659 2112.341]
[ 704.889 2113.111]
[ 705.119 2113.881]
[ 705.361 2114.639]
[ 705.6 2115.4]
[ 705.832 2116.168]
[ 706.065 2116.935]
[ 706.3 2117.7]
[ 706.557 2118.443]
[ 706.794 2119.206]
[ 707.038 2119.962]
[ 707.29 2120.71]
[ 707.528 2121.472]
[ 707.78 2122.22]
[ 708.014 2122.986]
[ 708.25 2123.75]
[ 708.511 2124.489]
[ 708.754 2125.246]
[ 709.036 2125.964]
[ 709.273 2126.727]
[ 709.513 2127.487]
[ 709.751 2128.249]
[ 710.011 2128.989]
[ 710.261 2129.739]
[ 710.508 2130.492]
[ 710.725 2131.275]
[ 710.971 2132.029]
[ 711.232 2132.768]
[ 711.465 2133.535]
[ 711.731 2134.269]
[ 711.974 2135.026]
[ 712.23 2135.77]
[ 712.506 2136.494]
[ 712.743 2137.257]
[ 712.971 2138.029]
[ 713.215 2138.785]
[ 713.47 2139.53]
[ 713.72 2140.28]
[ 713.947 2141.053]
[ 714.205 2141.795]
[ 714.464 2142.536]
[ 714.719 2143.281]
[ 714.991 2144.009]
[ 715.232 2144.768]
[ 715.509 2145.491]
[ 715.724 2146.276]
[ 715.981 2147.019]
[ 716.247 2147.753]
[ 716.511 2148.489]
[ 716.771 2149.229]
[ 717.031 2149.969]
[ 717.27 2150.73]
[ 717.51 2151.49]
[ 717.759 2152.241]
[ 718.026 2152.974]
[ 718.262 2153.738]
[ 718.511 2154.489]
[ 718.77 2155.23]
[ 719.054 2155.946]
[ 719.318 2156.682]
[ 719.544 2157.456]
[ 719.793 2158.207]
[ 720.025 2158.975]
[ 720.292 2159.708]
[ 720.551 2160.449]
[ 720.837 2161.163]
[ 721.095 2161.905]
[ 721.342 2162.658]
[ 721.588 2163.412]
[ 721.834 2164.166]
[ 722.064 2164.936]
[ 722.306 2165.694]
[ 722.549 2166.451]
[ 722.776 2167.224]
[ 723.006 2167.994]
[ 723.221 2168.779]
[ 723.458 2169.542]
[ 723.733 2170.267]
[ 723.989 2171.011]
[ 724.248 2171.752]
[ 724.487 2172.513]
[ 724.748 2173.252]
[ 725.018 2173.982]
[ 725.256 2174.744]
[ 725.492 2175.508]
[ 725.745 2176.255]
[ 725.985 2177.015]
[ 726.224 2177.776]
[ 726.471 2178.529]
[ 726.713 2179.287]
[ 726.974 2180.026]
[ 727.218 2180.782]
[ 727.449 2181.551]
[ 727.69 2182.31]
[ 727.944 2183.056]
[ 728.225 2183.775]
[ 728.477 2184.523]
[ 728.742 2185.258]
[ 728.978 2186.022]
[ 729.225 2186.775]
[ 729.482 2187.518]
[ 729.729 2188.271]
[ 729.972 2189.028]
[ 730.209 2189.791]
[ 730.461 2190.539]
[ 730.693 2191.307]
[ 730.963 2192.037]
[ 731.209 2192.791]
[ 731.427 2193.573]
[ 731.668 2194.332]
[ 731.937 2195.063]
[ 732.183 2195.817]
[ 732.43 2196.57]
[ 732.676 2197.324]
[ 732.939 2198.061]
[ 733.191 2198.809]
[ 733.462 2199.538]
[ 733.72 2200.28]
[ 733.963 2201.037]
[ 734.205 2201.795]
[ 734.475 2202.525]
[ 734.705 2203.295]
[ 734.946 2204.054]
[ 735.211 2204.789]
[ 735.444 2205.556]
[ 735.691 2206.309]
[ 735.941 2207.059]
[ 736.199 2207.801]
[ 736.444 2208.556]
[ 736.68 2209.32]
[ 736.946 2210.054]
[ 737.184 2210.816]
[ 737.431 2211.569]
[ 737.697 2212.303]
[ 737.942 2213.058]
[ 738.194 2213.806]
[ 738.467 2214.533]
[ 738.719 2215.281]
[ 738.985 2216.015]
[ 739.238 2216.762]
[ 739.488 2217.512]
[ 739.755 2218.245]
[ 739.991 2219.009]
[ 740.252 2219.748]
[ 740.483 2220.517]
[ 740.739 2221.261]
[ 740.992 2222.008]
[ 741.236 2222.764]
[ 741.483 2223.517]
[ 741.719 2224.281]
[ 741.963 2225.037]
[ 742.221 2225.779]
[ 742.486 2226.514]
[ 742.751 2227.249]
[ 743.017 2227.983]
[ 743.26 2228.74]
[ 743.507 2229.493]
[ 743.75 2230.25]
[ 743.996 2231.004]
[ 744.249 2231.751]
[ 744.51 2232.49]
[ 744.752 2233.248]
[ 745.022 2233.978]
[ 745.277 2234.723]
[ 745.521 2235.479]
[ 745.75 2236.25]
[ 746. 2237.]
[ 746.254 2237.746]
[ 746.491 2238.509]
[ 746.731 2239.269]
[ 747.006 2239.994]
[ 747.254 2240.746]
[ 747.488 2241.512]
[ 747.755 2242.245]
[ 748.018 2242.982]
[ 748.265 2243.735]
[ 748.484 2244.516]
[ 748.742 2245.258]
[ 748.982 2246.018]
[ 749.218 2246.782]
[ 749.474 2247.526]
[ 749.727 2248.273]
[ 749.982 2249.018]
[ 750.236 2249.764]
[ 750.477 2250.523]
[ 750.72 2251.28]
