0.0
0.054039487564272105
0.0767725483768651
0.06893547616407208
0.06731322257252303
0.05868785860857196
0.07539710742875726
0.06223507342401208
0.03556030697537287
0.036676361036266515
0.0467055830205067
0.04000728357394902
0.027673971177564285
0.022160208280412336
0.02130921613011751
0.03766628676089788
0.00993966071058111
0.013136442141481235
0.019920226274578894
0.015218768165856178
0.027543096939318005
0.015388349254476335
0.02532829588578261
0.021741618884101536
0.02158169886648606
0.00878817853148225
0.022560949751055447
0.013983986820211113
0.011510411216865355
0.023165000729655636
0.019362975737405953
0.010612048251719129
0.014423695700406186
0.015687165764550863
0.01751377794731059
0.017902073005271406
0.02607505820543266
0.005906972333685875
0.012345887272133437
0.011356466788646265
0.005366317763268079
0.01758028299654522
0.0053269319121719335
0.006431295667636606
0.011325797000293946
0.008975261329135188
0.008169417489350765
0.013869521541216958
0.010477659721241955
0.01257850277194847
0.011818354824602554
-0.0021329956668762464
0.00710453645053869
0.01273330270388499
0.013004967000092406
0.009381775109218853
0.011909658648274373
0.01046478941056012
0.009778577409315094
0.007428712428836575
0.009492015943929288
0.003907286038847171
0.01655326040202897
0.0038334803042554197
0.012550431901925074
0.008654701261281376
0.007268807884976441
0.009361870330577823
0.007099583413262081
0.0020119591407559666
0.008482644436158612
0.008905989321932373
0.005253109553997852
0.005645379197899824
0.004924607089008869
0.010272414567786018
0.007026544209589706
0.012071787509478044
0.009702530213212514
0.008095727883780449
0.001763317363166871
0.00324302332877191
0.0015284585460035094
0.0037131575131755155
0.006548081185483058
0.009131937744797779
0.00707664760246801
0.0077413293517923564
0.006563075134705465
0.006991891407384856
-0.002732651064507953
0.008446732234154626
0.0034890365482471227
0.0044935933797834275
0.004783238209048632
0.004871066506982151
0.004412217879126006
0.003510138031765583
0.00474861347256957
0.007268195429239962
0.00704743147721923
0.0011927112931264386
0.00896789232282018
0.004722201650719689
0.0032543872130805836
0.0035354090968400913
0.008239508256253428
0.0072005168688652485
0.005321041073380671
0.00434848373950905
0.00924360326861252
-0.0012630285324015012
0.005313694620577412
0.005795441233195337
0.003800661516239469
0.006606390078926703
0.008555713518325483
0.001646161940326652
0.0022186675480721316
0.00011213369776204521
0.0017189083114271377
0.006255394222817381
0.0022781200493819987
0.010866359422034191
0.0016086801433555884
0.004331820689574461
0.002861736446575808
0.005484179445467271
0.008888338745973562
0.009151180404549257
0.0033246742863242574
0.0036505770466175804
0.007477361838006699
0.003946265732303614
0.005273965760149309
0.0013678193216893108
0.0002996174594658888
0.006926210482432576
0.0041480769746803725
0.0015745667152642735
-0.0001354546235070329
0.004379403995324708
-0.002960030416591331
0.005720428722390354
0.004450931556626684
0.0026452083420793553
0.0019114202359664402
0.007994723555894903
0.005255415218976684
0.00396024022082889
0.004720591643479384
0.0015110901794313306
0.0003689774736570418
0.003959042962017683
0.0005253210198424785
0.002442583104913599
0.0023843172727010522
0.003481086064276319
0.0035200375621484057
0.0041019744156180395
0.006591583715109649
0.004390196454859947
0.002053735851430543
0.0008860558752443889
0.0017499496745391038
0.0016648043740011317
-0.002683214521075408
0.000846391340122137
0.0038907323479810004
0.004769291812726523
0.0028358132543402706
0.0037134167498631613
-0.0005019576556773524
0.003038703135489361
-0.0016448823558495639
0.001445441405326918
0.004845322458916203
0.003144160620079062
0.0056792066803525035
0.0016439940920412958
-0.0008114965857663954
0.0007430446820876144
0.0023448085941131028
0.0067423454614636905
0.0006370042409645962
0.00242441404880772
0.0017299723853588585
0.0022843033968206997
0.00028950785107094933
0.0015166476679474568
0.003943342261333737
0.0027018397079417076
0.0066324238097039
0.004919859461684549
0.004114726521988877
0.0018429081413311901
0.0012865684198035963
0.004394357173406501
0.006214097359156032
0.0031162953752578468
0.004136793059537074
0.0006938455198110878
0.002338460311253087
0.001961640946452302
0.0052986114000062355
0.0030887270858662077
0.0052571015679820435
0.0030294480006318207
0.0005314330645444022
-0.0031993916390231636
0.005157370041540342
0.004390760707273638
0.003028730107128535
0.00407456738119886
-0.0006909430757364576
0.004409220291279961
0.0023853195404952418
0.005253463836982688
0.004204994821959943
0.0010570005798916395
9.705335947686068e-06
0.005101673467044355
0.001710431199497358
0.0018768102237988412
0.003184197532784704
0.0014533263933739836
0.0018873258939761982
0.0002076096258838991
-0.0003695991663897042
0.0014328347588613724
-3.308174498788891e-05
0.001351155421775916
-0.0003436313955869998
0.00440413469668859
0.0056377430024875455
-0.0009589823519904011
0.0002550649893370971
-0.0020157506206347118
0.002551152914353069
0.0030628209728524487
-0.0005250505268590331
0.0028048061654097492
0.0020283747714863144
0.0005114321229356957
-0.001108472588153674
0.0020768282952128196
0.003932905140510656
0.00019819706398363905
0.0004596435588011448
0.003919957406824172
0.002439588193225924
0.0005659340949280943
0.0001733445656368135
0.0037062581776242153
-0.0025064395475939477
0.002564867971675513
0.0031790550183196306
0.0030568209558565038
0.003989109346214449
0.004254920088454997
0.0014117850626684833
0.002027721560524769
0.0018654819520441878
0.00035563292119839224
0.004481822616925992
0.0011053966160153115
0.003629557296570798
0.0009122648405460273
0.0049088658301160056
0.0032430548331888486
0.0011578779888657882
0.0014367473814875882
0.0014641854255547275
0.002311495968786464
0.001176276698961442
0.000997965930498885
0.002197529123120222
0.0011676546171666604
0.0038142670030773197
0.001252488757234299
-2.0120774379326427e-05
-0.0016807965752549884
0.004905026789216053
0.004900452283479197
0.0026029999416894833
0.0009199945308221927
-0.0005321353067464974
0.002323458148959663
-0.0008839911685858376
0.0026375080087983295
0.002596239667938176
0.001795904340621363
0.003909310758099374
0.0025752356176129538
0.0019764065084001046
0.0034372327268370763
0.004838233978479197
0.0032664719068409933
-0.0008581585834560242
-7.617349342824799e-05
-0.0010078661136259822
-0.00014460422477344484
0.002512259773819383
0.002860415837094544
0.002934027768652487
0.0006471439191289706
0.0034220186201299216
0.0025519567607478356
0.0031371690154681563
0.00020808258754215718
0.004582521930912067
0.0029234150879756966
0.0030319423237595683
-0.0003551394784898788
0.0004586017074642085
0.00047623024642923554
0.004994584449129709
-0.0001373504847246557
0.0023371896914059793
0.001915840970439224
0.004746318564326272
0.0033662646299065565
0.003422431502785956
0.0017422017055678844
-0.0005486738771161773
0.00513755765639603
0.002443115598506961
0.0033178219367017126
0.0008198104588314677
0.0008022533137578444
0.004443182607807178
-0.0016346888496340634
0.0005602920959902955
0.0032467729253720136
0.003448013208792256
0.0002043468643494863
0.0006578956851897853
0.005184483136440628
0.0031127670996427973
0.0044135068257324436
0.00016656557583458035
0.004791750941191897
0.004744593535313991
0.0019014575958793366
0.004970705511707217
0.00023853637360282527
0.002960294952060909
3.686858035037152e-05
0.0012904406901764831
0.0014931351560692938
-0.000321005427071825
-0.0022375656302757955
-0.0025204712422350214
0.002494804887798475
-6.952280252032792e-05
-0.00196923762763042
0.001154899860557248
0.0006202018161571484
0.0013078423261623112
-0.0008610299977637407
0.0008894592097786465
0.0052371094847360935
-0.0020120376499773492
0.0017222289016829804
-0.0003164834988471562
-0.0012306578184308593
0.002023101182531103
-0.0002009615934875217
0.0024784801787530427
0.0020006122859968643
0.0031074839360433894
-0.002482657927696587
0.0019416619368558448
0.0019404443654276002
-0.0006345556576922468
0.002087980358194113
0.0026715600529935947
0.0028778514067367535
-0.0008180951064152154
-0.0010717918150111659
-0.00020343752911201041
0.00030104178658014135
-0.000979824518792547
0.0008761992614884868
0.0006326066261975282
0.0006662348587975237
0.002822057657429081
0.0020404144544682655
0.0019482654362771741
-0.00027551968104050584
0.0004039243817122276
0.0005478864642817132
-0.0007237105722132804
0.002976061997932053
0.0008048371842026595
0.0006695153235094227
-3.967977180696289e-06
-2.849417827467447e-05
0.0025262707449392706
0.0013278200090374721
0.004069708893004269
0.00012313072010563245
0.003203301949670579
0.002679016075520465
-0.0003690040244186238
0.0006679331492565191
0.0012041667790404777
0.0011733365809487397
0.0010438018101490997
0.00013787429213341307
0.00034957637681720763
0.00017999386122648957
0.002515412170607598
0.0009541085900262487
0.002185160983934864
0.0015793059792864096
0.0012035638027096667
0.0015763079996502978
0.001001331984974579
-0.00026841790866062647
0.0017813472966268582
-0.0006389742007731222
0.0016854891171745523
0.00015172435922688722
0.004327013230604348
-0.0012241833314100639
-0.00013659848679838208
0.0003546066015415577
0.0011978267596137585
0.0010738723001650886
0.0016475262054278387
0.002702554626705087
-0.001412036166050186
0.0005710198822972208
0.0021617939668470312
0.0021358425443839487
0.0003070730902521287
0.0006933276600596615
0.0030481771773198337
0.003601380749507439
0.0005162331375045842
0.0003221622677134058
0.0014961471301063044
-0.0019024612525208099
0.001388040045332063
0.0032193104325982202
3.3974365543442436e-05
0.0014997040630224273
0.0023106620568276687
0.001465040963115213
0.0013678797391360811
-0.0013417771708963521
0.0002288861048198902
-0.001309976894922938
0.00052036702080302
0.0017706510265580431
0.0031934677929455805
0.0019835525920512504
0.000961826330661166
0.003654471808565485
0.001372534992221582
0.0005997317187548762
0.0018313654653198484
0.0010525623954191115
-0.0016379824571098902
0.0003927654781887899
0.000310544209960492
0.0011317966921847735
0.0012301860260045712
0.003029009668000133
-6.573804351494372e-05
-0.0019001878380831162
0.0015335194596878703
0.0008998559019788222
0.0027632050146945164
0.002871501500826139
0.0005646523638075243
0.0005329135689663183
0.0026605448431083318
0.0002453730197026521
0.001062380135396391
5.125657190098707e-05
0.002765950183695688
0.0013446656094921036
0.001175297967886378
-0.0002994775371447986
0.0004248398739883452
0.000994155647621556
-2.4865216165769705e-05
0.0013000623676062567
0.0013079693110217485
-0.0005586681779104085
-0.0004931392507964332
0.001115534910578002
-0.00014223080298272797
0.0014213835273399803
0.00463665818234185
0.0006669903343673237
0.0012143209556484866
0.00010518319426189537
-0.0010406961686598452
0.011637958504250982
0.0022841612843413537
0.003521426533708631
0.004358335824857066
0.008129130115101413
-0.0010423266634611008
0.008011211082537596
0.0036659159920118677
0.0060121566599100895
0.004550197087076928
0.005097785987503402
0.005446367178645284
0.006789974968005488
0.004902716382275749
0.0011853126851711364
0.006343267646966124
0.00538684572402424
0.005882121758390488
0.0028887734332870927
0.004646429950572429
0.005985509727593176
0.002637615854694629
0.0031102764947950716
0.0009817096134812106
0.007037503653031831
0.005454450106044576
0.0007376470474610498
0.0050271207696646735
0.006933855460910379
0.008500328624716552
0.011393748821879473
-8.06302813766591e-06
0.008762266932938533
0.0013226535411418416
0.0021485404446967187
0.007259103895813096
0.002104626149604941
0.0012009917412210958
0.004690503379820791
0.0010105388003767437
0.0024696782978740365
0.004383716133835652
0.0006248146208154698
0.004914626627506155
0.0005485463131772616
0.004684061190241748
0.0076487093753917716
0.0042558002501014635
-0.0004462738177066505
0.003438251723970156
0.0057371626763111005
0.0026836957346673155
0.0031541620962594187
-0.002793995777607458
-0.0009702121059812733
-0.0023763952162339052
-0.000292356840950504
0.002042054277695163
0.0018503495009058915
0.005606552620865407
0.0005560618590193968
0.00033678953001806133
0.004605793758065419
0.0008755091635822038
0.003884219618182276
0.00218701221593443
0.007586142228322437
0.007969947003936828
0.0043747876631205634
-0.0009087330980855138
0.004569387722745028
-0.0013571839027408333
-0.0015649992549469265
0.0034054553912565683
0.005274722053535751
0.003301201063370213
0.0025882700650509596
0.004595840355333221
0.0046862177759731454
0.004408106488132089
0.002245327428275279
0.001857480590479162
-0.001279996810238978
0.0009302497599219945
0.000894936182644462
0.0018772999781240841
0.0012369740629229009
0.0037124453809347577
0.00028809647188159294
0.0007088305083880756
0.0010099563241247435
0.0003755777765255178
0.0035426647766317507
-0.001032810699831271
0.001405266120583347
0.00476407204504726
0.002436786745011036
0.003594515914152048
0.001702144793141144
0.0003862022094027146
-0.0008619251216568397
0.001323665103623225
0.0016093261690085193
0.0031146944118664167
0.00206607186364913
0.005719467635949575
0.0073300028905605745
0.0020758836833320495
0.0006747302913382125
0.004778565284336842
0.0033368034988134755
0.0010384421968483817
0.005411401154503492
0.003118572896397447
0.007359871406156397
0.004133506821713194
0.0005153467685159466
0.0025642831254681976
-0.0014225441526750202
9.261462501586836e-05
0.0022708706730409714
0.002986047387290519
0.00023065769216014089
0.0009937740325304445
0.004902294380601304
0.0008902362820500167
-0.00040797915814977837
0.004108952156316321
-0.0002838189433841147
0.0032927093274584636
0.0032379307535493874
0.0032037024904284857
0.0014470904017917362
0.004314698843221827
0.002406681452885166
0.0031898961371189713
0.0013587895356095584
0.002879267711046902
0.0019189487603071549
-0.002341607693691866
0.002529153517468372
0.0017421525771133517
0.0027623666306718165
0.001332826218525096
-0.002302637100919984
0.0038523638731176647
0.004593902867324757
0.004866387455508658
0.0025431662319652403
1.833863163308515e-05
0.0022798658855081645
0.0045071621051338915
0.0008234706074800424
-0.0018171507606429642
0.0021152019899046267
0.0014656913410217905
0.0036906484813699165
0.002166798282968608
0.0008979025347871879
0.0020285041500974913
0.0013551055550761447
0.004530232561141977
0.005364827198111959
0.0007976219396496475
0.003907959267069662
0.003333950875968246
0.0020935749604660157
0.004049940203804957
0.0017580229801597428
0.0003057095368240654
0.0020682885173810535
0.0008277856065461085
3.6468658981956626e-05
0.0035013663195296034
0.004750859935878962
0.0005097142825616685
0.0030467182555703816
0.002915146315917843
0.005697205976744975
0.0005018136192593792
0.0013914329691279467
0.00047924737987982803
0.0019350819498604747
0.00016648926018300554
0.001349446784825032
-0.0016613172367724084
0.0031151462168909905
-0.0012146342077384827
0.00146033830575567
0.0014346493598323376
0.0004986245076234444
0.003464884084676725
-0.00032154367362632495
-0.0019519618354751733
0.004925791867744981
0.0048548803983795115
0.0031248220255111593
0.0007580458830944323
0.003881423769918946
0.003717337249976533
-0.00048432782723279556
0.003513221485818622
0.0009401042786212719
0.0022152111445521427
0.0047023257001019975
0.0035398167078347326
0.000535123568142857
0.0014406758410769349
0.0030218939714905554
0.001048741217666306
0.0005456700546110904
0.0024816406776245036
0.0017491719489663036
-0.001097417194525351
0.0013513745127712127
0.003379460444437479
0.0012842264491719668
-0.0003337627316468003
0.00283786023852197
-0.0020982554724868732
0.0017547159403130312
0.00022442990796669491
-0.0009353254575579965
0.0018512839415216775
0.0042676516356660215
0.0017920702296215004
-0.0013864819269092008
0.0013317969735908751
0.002889923242995837
-0.00045087722995408575
0.002592830594667284
0.000748007732749159
0.0014309419639576505
0.0016179342309879461
0.0030569754871740324
0.0005132233884360669
0.0021634269894275932
0.0018019792465548163
-0.0030249177796540074
0.0019440270507366795
0.002215727797076452
0.0023620935734598473
0.00274317985241401
0.00011526735601369271
0.0016405580826668162
3.8598495171805725e-05
0.0008422612122704445
0.0002437294435349576
0.0016311430046117058
0.0018046581813851586
0.0004372041405804845
0.004525412044158719
0.0017582015560802427
0.0010900125497974385
0.0034480504759740725
0.00301549590328073
0.003208572795376369
0.0031202029238539234
0.002204123164432588
7.713408611750169e-05
0.0023591992480087934
0.0005673395740159973
0.003269999250234873
0.0008223477214670051
0.0007005552269802693
0.0013027351408582547
0.0018271257554970902
0.0005765869067745973
-3.86769853678989e-06
0.0017738753590529482
0.0032395988216140383
0.0016846734486171608
0.0009505638772371212
0.0027751117139287623
0.001462597699981476
-0.00041857993077240845
0.0007320865599504423
-0.0007920022772358903
0.0010443475026659591
0.0027474273813041343
-0.0009521573930214276
0.002684610183596361
0.0007445598652084849
0.0007253561615289641
0.0013934096200719618
0.003086631252317651
0.0037650560318216366
0.003137966892976749
-0.0008871721401737288
0.00038465914577689227
0.0002651258152291809
0.0025420234352023364
0.0018316610332349814
0.0009142846020641227
0.0024160240996898862
-0.0007328763404184014
-0.000610885076946892
0.0007274294528306769
0.0006308757813949926
-0.0008161158727379567
0.0024791027676965877
0.0010808386306326223
0.000607407324881993
0.0033504541006169055
0.003613348102540888
0.0010795892993447254
0.001983204279877147
0.002427888016924091
0.0014877000723100234
0.002090279276533741
0.0028686581122929706
-0.0006726509436138623
0.0009266803293394894
0.003304014970766793
-0.00040746968342677127
0.002143473971500544
-0.0013103976815400065
0.0012760499126071015
0.0012502457096889511
0.0014956666271082727
0.001023550106014281
0.001264903256671511
0.0017324080446561032
0.0024816615369073237
0.0016570375090068895
-0.0006725265327312951
0.003763593229728965
0.001659146581498184
0.0014287250387406479
0.0005511006995657686
0.0005542837575067638
0.002066017473012898
0.0020636190442074142
0.0004966273575283257
-0.00034347972652352965
-0.0006736751738625961
0.00021340157827767854
-1.0289351008336677e-05
-0.0003797634485326432
0.005036350960797847
-3.1683880088100624e-05
0.003719141136729419
0.0010903787646784997
0.0023558983814200973
-0.000502163563029118
0.0005512135193130772
0.00021053070242493777
0.0011555077190405904
-0.0003318512232071434
0.0022045714737396875
0.0009411747186478035
0.0030162966058051707
0.0022399349320567593
0.0014519938990888962
0.0023631270461065075
-4.114420033142799e-05
0.00046597924259918303
-0.0008751301157807888
-0.0008811638217575278
0.003292144400904428
0.002271835108569634
0.0005674960835404438
0.003284178465455674
0.002467007360421186
0.001895272323174199
0.000708879543792195
0.0018702936399568465
0.00017270086758259845
0.0016542079987648766
0.003370310155985918
0.0032787193752302035
0.0016571824790499342
0.0012542098452923266
-0.0006747834733941385
0.0010115296024669524
0.0009673827572660759
0.0010441316755205347
0.0016304956740332763
0.0004672987264767117
0.0019435985963901375
-0.0010333450081706774
0.0022930788903596
0.0011555973862087462
0.0009783251529571105
-0.00024175946514145744
0.001240846101825869
0.0020488753072423174
0.0019757186246425144
-0.000367861132715866
-0.00046186061566725917
-0.0013753455741697884
0.001876017730166555
0.0023393222746945523
0.0013332089687938334
0.0005826740586890513
0.0017908923589439287
0.001837386836199649
-0.0003903601370929595
0.0009899629692827804
-0.0019097754840076558
0.0012522210140905976
0.0014355677741478353
-0.0012415307244645454
0.0037132988560334107
0.002070660170264138
-0.0010676426472982202
0.002470216462959852
0.004152465639390412
0.00022695510728775936
-0.0004650125273219043
0.001948059639631583
0.0008442790177342152
0.001448732931119657
-0.003307708540745754
0.00011199503387075436
0.0016750644585936697
0.00045960280702644365
0.0005334521634395542
-4.7454496852825826e-05
-0.0009465504549570471
0.001557685102268876
-0.0014056827262829204
0.0005057597979903786
-0.0005489872110501357
-0.0006148395488070878
-0.0012364279696029721
0.0003120273457953489
-0.0011767826421764224
0.0011334928280612574
-0.0017766912446022074
0.004168696690376289
0.0001575683191805003
0.003348940367675863
0.0002510102151755475
0.002558029403880982
0.0009459424159359054
0.0001384695321358489
0.0010907433672728644
0.00030573615435427066
-0.002478804875125154
0.00025464025366822774
0.002770622070878788
0.0023983785599157757
0.0019243701871274005
0.0018770912729124329
0.00047868361323350465
0.0016593729588894905
0.0008245505065788713
0.0020556052753782513
0.0017411037867860189
0.0008867723749827287
0.00023151822699589813
0.0028472802713186405
0.001578471780412708
0.0015052503704137581
-0.0007539705255403018
0.002079269386220459
-0.00017429697315305244
0.0004937321382349588
0.0011689799376181876
0.0005790121068458203
-0.0016745273173618838
0.003064901279936819
-0.0013776294171002046
0.0005668531780320864
-0.000568866471854515
0.00209425315229606
-0.0009565411574839711
0.0009321650969505382
0.0006534797141721879
0.0005840549075037907
0.0004624782712344953
-0.00025930846910699796
0.0018287541471254986
0.0022025596067542777
0.000514537805636839
0.0001483257574619239
0.0018574300125692922
-0.00038714288341357
0.00278398878163359
5.4270609169245836e-05
0.0026292187791987645
0.0013683306879393614
0.0010160154444748125
-0.0016122620532113992
-0.0010995317752494325
0.001378005940900092
0.00022813260911066217
0.0015169448785418854
-0.00030480883382184734
-0.0009871280734696018
0.003872821371795041
0.001998384179056358
0.004261979748396761
-0.0014451527917444147
-0.002434842966271325
0.0011609148474308847
0.0010512049401768776
-0.0005182471837796994
