[alpha, beta]
[1. 1.]
[1.485 1.515]
[1.969 2.031]
[2.446 2.554]
[2.937 3.063]
[3.446 3.554]
[3.952 4.048]
[4.454 4.546]
[4.949 5.051]
[5.463 5.537]
[5.984 6.016]
[6.495 6.505]
[6.989 7.011]
[7.525 7.475]
[8.027 7.973]
[8.537 8.463]
[9.014 8.986]
[9.527 9.473]
[10.028  9.972]
[10.53 10.47]
[11.026 10.974]
[11.521 11.479]
[12.003 11.997]
[12.51 12.49]
[12.993 13.007]
[13.479 13.521]
[13.99 14.01]
[14.488 14.512]
[14.989 15.011]
[15.473 15.527]
[16.005 15.995]
[16.488 16.512]
[16.99 17.01]
[17.511 17.489]
[18.005 17.995]
[18.508 18.492]
[19.02 18.98]
[19.49 19.51]
[19.973 20.027]
[20.496 20.504]
[20.99 21.01]
[21.508 21.492]
[21.979 22.021]
[22.49 22.51]
[22.993 23.007]
[23.474 23.526]
[23.987 24.013]
[24.495 24.505]
[24.995 25.005]
[25.493 25.507]
[26.001 25.999]
[26.476 26.524]
[26.969 27.031]
[27.455 27.545]
[27.983 28.017]
[28.492 28.508]
[28.98 29.02]
[29.47 29.53]
[29.974 30.026]
[30.481 30.519]
[30.953 31.047]
[31.46 31.54]
[31.965 32.035]
[32.463 32.537]
[32.983 33.017]
[33.51 33.49]
[34.027 33.973]
[34.529 34.471]
[35.038 34.962]
[35.515 35.485]
[36.005 35.995]
[36.482 36.518]
[36.998 37.002]
[37.482 37.518]
[37.983 38.017]
[38.494 38.506]
[39.017 38.983]
[39.529 39.471]
[40.011 39.989]
[40.504 40.496]
[41.021 40.979]
[41.549 41.451]
[42.035 41.965]
[42.533 42.467]
[43.039 42.961]
[43.554 43.446]
[44.048 43.952]
[44.563 44.437]
[45.067 44.933]
[45.568 45.432]
[46.074 45.926]
[46.595 46.405]
[47.088 46.912]
[47.585 47.415]
[48.091 47.909]
[48.582 48.418]
[49.08 48.92]
[49.583 49.417]
[50.081 49.919]
[50.589 50.411]
[51.09 50.91]
[51.583 51.417]
[52.061 51.939]
[52.557 52.443]
[53.049 52.951]
[53.543 53.457]
[54.029 53.971]
[54.547 54.453]
[55.058 54.942]
[55.573 55.427]
[56.05 55.95]
[56.543 56.457]
[57.042 56.958]
[57.559 57.441]
[58.038 57.962]
[58.545 58.455]
[59.037 58.963]
[59.543 59.457]
[60.051 59.949]
[60.556 60.444]
[61.051 60.949]
[61.549 61.451]
[62.043 61.957]
[62.549 62.451]
[63.071 62.929]
[63.565 63.435]
[64.046 63.954]
[64.532 64.468]
[65.017 64.983]
[65.519 65.481]
[66.02 65.98]
[66.532 66.468]
[66.998 67.002]
[67.495 67.505]
[68. 68.]
[68.508 68.492]
[69.028 68.972]
[69.538 69.462]
[70.037 69.963]
[70.532 70.468]
[71.038 70.962]
[71.56 71.44]
[72.04 71.96]
[72.554 72.446]
[73.067 72.933]
[73.57 73.43]
[74.085 73.915]
[74.584 74.416]
[75.072 74.928]
[75.567 75.433]
[76.063 75.937]
[76.563 76.437]
[77.034 76.966]
[77.512 77.488]
[77.987 78.013]
[78.503 78.497]
[78.993 79.007]
[79.491 79.509]
[79.973 80.027]
[80.476 80.524]
[80.973 81.027]
[81.497 81.503]
[82.005 81.995]
[82.502 82.498]
[82.99 83.01]
[83.497 83.503]
[84.007 83.993]
[84.498 84.502]
[85.002 84.998]
[85.506 85.494]
[86.01 85.99]
[86.506 86.494]
[87.023 86.977]
[87.535 87.465]
[88.05 87.95]
[88.566 88.434]
[89.038 88.962]
[89.526 89.474]
[90.005 89.995]
[90.54 90.46]
[91.017 90.983]
[91.519 91.481]
[92.027 91.973]
[92.542 92.458]
[93.047 92.953]
[93.541 93.459]
[94.033 93.967]
[94.529 94.471]
[95.031 94.969]
[95.516 95.484]
[95.995 96.005]
[96.489 96.511]
[96.996 97.004]
[97.47 97.53]
[97.964 98.036]
[98.471 98.529]
[98.979 99.021]
[99.434 99.566]
[ 99.949 100.051]
[100.425 100.575]
[100.929 101.071]
[101.458 101.542]
[101.96 102.04]
[102.468 102.532]
[102.994 103.006]
[103.508 103.492]
[104.024 103.976]
[104.51 104.49]
[105.028 104.972]
[105.53 105.47]
[106.029 105.971]
[106.507 106.493]
[106.99 107.01]
[107.495 107.505]
[107.994 108.006]
[108.5 108.5]
[109.011 108.989]
[109.5 109.5]
[110.027 109.973]
[110.512 110.488]
[111.001 110.999]
[111.492 111.508]
[112.004 111.996]
[112.507 112.493]
[112.999 113.001]
[113.514 113.486]
[114.019 113.981]
[114.542 114.458]
[115.046 114.954]
[115.528 115.472]
[116.056 115.944]
[116.544 116.456]
[117.041 116.959]
[117.529 117.471]
[117.998 118.002]
[118.505 118.495]
[119.028 118.972]
[119.499 119.501]
[119.973 120.027]
[120.477 120.523]
[120.965 121.035]
[121.473 121.527]
[121.962 122.038]
[122.493 122.507]
[122.987 123.013]
[123.476 123.524]
[123.979 124.021]
[124.503 124.497]
[124.997 125.003]
[125.514 125.486]
[126.04 125.96]
[126.554 126.446]
[127.041 126.959]
[127.561 127.439]
[128.057 127.943]
[128.528 128.472]
[128.999 129.001]
[129.508 129.492]
[130.028 129.972]
[130.541 130.459]
[131.054 130.946]
[131.542 131.458]
[132.065 131.935]
[132.534 132.466]
[133.034 132.966]
[133.546 133.454]
[134.035 133.965]
[134.519 134.481]
[135.015 134.985]
[135.512 135.488]
[136.016 135.984]
[136.51 136.49]
[136.977 137.023]
[137.482 137.518]
[137.961 138.039]
[138.461 138.539]
[138.981 139.019]
[139.461 139.539]
[139.976 140.024]
[140.472 140.528]
[140.961 141.039]
[141.455 141.545]
[141.98 142.02]
[142.468 142.532]
[142.959 143.041]
[143.445 143.555]
[143.92 144.08]
[144.423 144.577]
[144.941 145.059]
[145.443 145.557]
[145.931 146.069]
[146.427 146.573]
[146.898 147.102]
[147.375 147.625]
[147.852 148.148]
[148.336 148.664]
[148.847 149.153]
[149.33 149.67]
[149.846 150.154]
[150.347 150.653]
[150.873 151.127]
[151.363 151.637]
[151.851 152.149]
[152.338 152.662]
[152.838 153.162]
[153.296 153.704]
[153.777 154.223]
[154.286 154.714]
[154.771 155.229]
[155.281 155.719]
[155.795 156.205]
[156.292 156.708]
[156.787 157.213]
[157.299 157.701]
[157.833 158.167]
[158.341 158.659]
[158.832 159.168]
[159.355 159.645]
[159.844 160.156]
[160.336 160.664]
[160.84 161.16]
[161.345 161.655]
[161.859 162.141]
[162.368 162.632]
[162.875 163.125]
[163.373 163.627]
[163.882 164.118]
[164.372 164.628]
[164.891 165.109]
[165.419 165.581]
[165.917 166.083]
[166.413 166.587]
[166.922 167.078]
[167.422 167.578]
[167.896 168.104]
[168.376 168.624]
[168.876 169.124]
[169.397 169.603]
[169.914 170.086]
[170.396 170.604]
[170.924 171.076]
[171.426 171.574]
[171.934 172.066]
[172.421 172.579]
[172.95 173.05]
[173.444 173.556]
[173.967 174.033]
[174.485 174.515]
[174.984 175.016]
[175.477 175.523]
[175.977 176.023]
[176.473 176.527]
[176.984 177.016]
[177.503 177.497]
[178.005 177.995]
[178.485 178.515]
[178.998 179.002]
[179.474 179.526]
[179.96 180.04]
[180.483 180.517]
[180.989 181.011]
[181.483 181.517]
[181.967 182.033]
[182.46 182.54]
[182.954 183.046]
[183.458 183.542]
[183.968 184.032]
[184.469 184.531]
[184.952 185.048]
[185.45 185.55]
[185.955 186.045]
[186.474 186.526]
[186.982 187.018]
[187.456 187.544]
[187.964 188.036]
[188.471 188.529]
[188.964 189.036]
[189.468 189.532]
[190.025 189.975]
[190.486 190.514]
[191.011 190.989]
[191.522 191.478]
[192.016 191.984]
[192.532 192.468]
[193.006 192.994]
[193.518 193.482]
[194.008 193.992]
[194.523 194.477]
[195.006 194.994]
[195.501 195.499]
[196.01 195.99]
[196.517 196.483]
[197.012 196.988]
[197.513 197.487]
[198.055 197.945]
[198.541 198.459]
[199.019 198.981]
[199.544 199.456]
[200.056 199.944]
[200.538 200.462]
[201.037 200.963]
[201.555 201.445]
[202.054 201.946]
[202.562 202.438]
[203.055 202.945]
[203.533 203.467]
[204.013 203.987]
[204.515 204.485]
[205.01 204.99]
[205.491 205.509]
[206. 206.]
[206.506 206.494]
[207.021 206.979]
[207.516 207.484]
[208.011 207.989]
[208.516 208.484]
[209.016 208.984]
[209.52 209.48]
[210.025 209.975]
[210.541 210.459]
[211.034 210.966]
[211.532 211.468]
[212.017 211.983]
[212.53 212.47]
[213.014 212.986]
[213.477 213.523]
[213.956 214.044]
[214.458 214.542]
[214.965 215.035]
[215.469 215.531]
[215.97 216.03]
[216.477 216.523]
[216.987 217.013]
[217.504 217.496]
[218.013 217.987]
[218.505 218.495]
[219.041 218.959]
[219.513 219.487]
[219.989 220.011]
[220.493 220.507]
[220.967 221.033]
[221.486 221.514]
[221.999 222.001]
[222.545 222.455]
[223.038 222.962]
[223.535 223.465]
[224.059 223.941]
[224.537 224.463]
[225.032 224.968]
[225.531 225.469]
[226.021 225.979]
[226.507 226.493]
[226.99 227.01]
[227.486 227.514]
[227.983 228.017]
[228.472 228.528]
[228.984 229.016]
[229.483 229.517]
[229.969 230.031]
[230.47 230.53]
[230.95 231.05]
[231.447 231.553]
[231.936 232.064]
[232.435 232.565]
[232.932 233.068]
[233.405 233.595]
[233.893 234.107]
[234.371 234.629]
[234.888 235.112]
[235.413 235.587]
[235.897 236.103]
[236.411 236.589]
[236.926 237.074]
[237.43 237.57]
[237.922 238.078]
[238.425 238.575]
[238.929 239.071]
[239.448 239.552]
[239.948 240.052]
[240.46 240.54]
[240.955 241.045]
[241.45 241.55]
[241.956 242.044]
[242.46 242.54]
[242.975 243.025]
[243.469 243.531]
[243.988 244.012]
[244.493 244.507]
[244.954 245.046]
[245.469 245.531]
[245.989 246.011]
[246.465 246.535]
[247.003 246.997]
[247.48 247.52]
[247.983 248.017]
[248.46 248.54]
[248.97 249.03]
[249.468 249.532]
[249.974 250.026]
[250.476 250.524]
[250.97 251.03]
[253.524 253.476]
[256.024 255.976]
[258.467 258.533]
[261.017 260.983]
[263.544 263.456]
[266.064 265.936]
[268.571 268.429]
[271.054 270.946]
[273.516 273.484]
[275.982 276.018]
[278.518 278.482]
[281.066 280.934]
[283.53 283.47]
[286.073 285.927]
[288.476 288.524]
[290.968 291.032]
[293.432 293.568]
[295.945 296.055]
[298.459 298.541]
[300.946 301.054]
[303.478 303.522]
[306.027 305.973]
[308.58 308.42]
[311.035 310.965]
[313.488 313.512]
[315.947 316.053]
[318.5 318.5]
[320.973 321.027]
[323.463 323.537]
[326.035 325.965]
[328.503 328.497]
[330.944 331.056]
[333.438 333.562]
[335.908 336.092]
[338.398 338.602]
[340.867 341.133]
[343.353 343.647]
[345.826 346.174]
[348.26 348.74]
[350.788 351.212]
[353.31 353.69]
[355.839 356.161]
[358.34 358.66]
[360.874 361.126]
[363.433 363.567]
[365.917 366.083]
[368.384 368.616]
[370.879 371.121]
[373.355 373.645]
[375.826 376.174]
[378.344 378.656]
[380.852 381.148]
[383.37 383.63]
[385.845 386.155]
[388.356 388.644]
[390.854 391.146]
[393.368 393.632]
[395.879 396.121]
[398.377 398.623]
[400.852 401.148]
[403.337 403.663]
[405.812 406.188]
[408.295 408.705]
[410.786 411.214]
[413.244 413.756]
[415.777 416.223]
[418.329 418.671]
[420.819 421.181]
[423.322 423.678]
[425.815 426.185]
[428.346 428.654]
[430.86 431.14]
[433.361 433.639]
[435.878 436.122]
[438.348 438.652]
[440.859 441.141]
[443.357 443.643]
[445.897 446.103]
[448.394 448.606]
[450.928 451.072]
[453.395 453.605]
[455.981 456.019]
[458.538 458.462]
[461.028 460.972]
[463.511 463.489]
[465.999 466.001]
[468.476 468.524]
[470.975 471.025]
[473.465 473.535]
[475.938 476.062]
[478.43 478.57]
[480.925 481.075]
[483.39 483.61]
[485.86 486.14]
[488.427 488.573]
[490.924 491.076]
[493.441 493.559]
[495.932 496.068]
[498.422 498.578]
[500.938 501.062]
[503.443 503.557]
[505.926 506.074]
[508.422 508.578]
[510.973 511.027]
[513.468 513.532]
[515.925 516.075]
[518.423 518.577]
[520.94 521.06]
[523.466 523.534]
[525.959 526.041]
[528.463 528.537]
[531.012 530.988]
[533.614 533.386]
[536.116 535.884]
[538.632 538.368]
[541.042 540.958]
[543.551 543.449]
[546.063 545.937]
[548.587 548.413]
[551.084 550.916]
[553.539 553.461]
[556.077 555.923]
[558.607 558.393]
[561.101 560.899]
[563.552 563.448]
[566.023 565.977]
[568.492 568.508]
[570.988 571.012]
[573.512 573.488]
[575.992 576.008]
[578.543 578.457]
[581.076 580.924]
[583.588 583.412]
[586.103 585.897]
[588.664 588.336]
[591.151 590.849]
[593.659 593.341]
[596.173 595.827]
[598.64 598.36]
[601.215 600.785]
[603.749 603.251]
[606.196 605.804]
[608.71 608.29]
[611.223 610.777]
[613.737 613.263]
[616.293 615.707]
[618.767 618.233]
[621.274 620.726]
[623.823 623.177]
[626.298 625.702]
[628.773 628.227]
[631.244 630.756]
[633.699 633.301]
[636.141 635.859]
[638.646 638.354]
[641.198 640.802]
[643.719 643.281]
[646.189 645.811]
[648.66 648.34]
[651.196 650.804]
[653.684 653.316]
[656.131 655.869]
[658.627 658.373]
[661.183 660.817]
[663.664 663.336]
[666.139 665.861]
[668.65 668.35]
[671.109 670.891]
[673.612 673.388]
[676.063 675.937]
[678.563 678.437]
[681.055 680.945]
[683.547 683.453]
[686.041 685.959]
[688.569 688.431]
[691.061 690.939]
[693.584 693.416]
[695.984 696.016]
[698.455 698.545]
[700.992 701.008]
[703.476 703.524]
[705.992 706.008]
[708.576 708.424]
[711.08 710.92]
[713.602 713.398]
[716.188 715.812]
[718.647 718.353]
[721.156 720.844]
[723.648 723.352]
[726.113 725.887]
[728.666 728.334]
[731.205 730.795]
[733.753 733.247]
[736.261 735.739]
[738.763 738.237]
[741.216 740.784]
[743.727 743.273]
[746.205 745.795]
[748.705 748.295]
[751.254 750.746]
[753.756 753.244]
[756.217 755.783]
[758.739 758.261]
[761.239 760.761]
[763.724 763.276]
[766.189 765.811]
[768.677 768.323]
[771.158 770.842]
[773.718 773.282]
[776.268 775.732]
[778.753 778.247]
[781.238 780.762]
[783.79 783.21]
[786.206 785.794]
[788.672 788.328]
[791.169 790.831]
[793.647 793.353]
[796.188 795.812]
[798.732 798.268]
[801.221 800.779]
[803.739 803.261]
[806.228 805.772]
[808.751 808.249]
[811.238 810.762]
[813.746 813.254]
[816.232 815.768]
[818.745 818.255]
[821.235 820.765]
[823.731 823.269]
[826.232 825.768]
[828.726 828.274]
[831.188 830.812]
[833.748 833.252]
[836.214 835.786]
[838.753 838.247]
[841.224 840.776]
[843.717 843.283]
[846.249 845.751]
[848.746 848.254]
[851.226 850.774]
[853.726 853.274]
[856.196 855.804]
[858.72 858.28]
[861.226 860.774]
[863.729 863.271]
[866.293 865.707]
[868.82 868.18]
[871.302 870.698]
[873.826 873.174]
[876.297 875.703]
[878.791 878.209]
[881.264 880.736]
[883.737 883.263]
[886.285 885.715]
[888.787 888.213]
[891.359 890.641]
[893.807 893.193]
[896.33 895.67]
[898.846 898.154]
[901.351 900.649]
[903.883 903.117]
[906.392 905.608]
[908.837 908.163]
[911.423 910.577]
[913.92 913.08]
[916.467 915.533]
[918.95 918.05]
[921.534 920.466]
[924.009 922.991]
[926.495 925.505]
[929.014 927.986]
[931.513 930.487]
[933.942 933.058]
[936.44 935.56]
[938.963 938.037]
[941.494 940.506]
[944.049 942.951]
[946.559 945.441]
[949.119 947.881]
[951.602 950.398]
[954.164 952.836]
[956.616 955.384]
[959.141 957.859]
[961.611 960.389]
[964.149 962.851]
[966.686 965.314]
[969.196 967.804]
[971.69 970.31]
[974.276 972.724]
[976.798 975.202]
[979.265 977.735]
[981.798 980.202]
[984.309 982.691]
[986.771 985.229]
[989.214 987.786]
[991.704 990.296]
[994.219 992.781]
[996.663 995.337]
[999.246 997.754]
[1001.729 1000.271]
[1004.225 1002.775]
[1006.768 1005.232]
[1009.241 1007.759]
[1011.765 1010.235]
[1014.278 1012.722]
[1016.762 1015.238]
[1019.267 1017.733]
[1021.783 1020.217]
[1024.262 1022.738]
[1026.793 1025.207]
[1029.353 1027.647]
[1031.873 1030.127]
[1034.369 1032.631]
[1036.912 1035.088]
[1039.441 1037.559]
[1041.982 1040.018]
[1044.48 1042.52]
[1046.991 1045.009]
[1049.441 1047.559]
[1051.987 1050.013]
[1054.454 1052.546]
[1056.962 1055.038]
[1059.448 1057.552]
[1061.928 1060.072]
[1064.425 1062.575]
[1066.872 1065.128]
[1069.319 1067.681]
[1071.809 1070.191]
[1074.317 1072.683]
[1076.746 1075.254]
[1079.269 1077.731]
[1081.725 1080.275]
[1084.154 1082.846]
[1086.685 1085.315]
[1089.206 1087.794]
[1091.724 1090.276]
[1094.235 1092.765]
[1096.661 1095.339]
[1099.181 1097.819]
[1101.711 1100.289]
[1104.174 1102.826]
[1106.743 1105.257]
[1109.142 1107.858]
[1111.676 1110.324]
[1114.184 1112.816]
[1116.701 1115.299]
[1119.226 1117.774]
[1121.749 1120.251]
[1124.207 1122.793]
[1126.68 1125.32]
[1129.139 1127.861]
[1131.656 1130.344]
[1134.138 1132.862]
[1136.682 1135.318]
[1139.242 1137.758]
[1141.684 1140.316]
[1144.212 1142.788]
[1146.711 1145.289]
[1149.288 1147.712]
[1151.77 1150.23]
[1154.3 1152.7]
[1156.745 1155.255]
[1159.181 1157.819]
[1161.708 1160.292]
[1164.193 1162.807]
[1166.721 1165.279]
[1169.186 1167.814]
[1171.682 1170.318]
[1174.177 1172.823]
[1176.702 1175.298]
[1179.159 1177.841]
[1181.633 1180.367]
[1184.15 1182.85]
[1186.648 1185.352]
[1189.18 1187.82]
[1191.716 1190.284]
[1194.198 1192.802]
[1196.673 1195.327]
[1199.142 1197.858]
[1201.641 1200.359]
[1204.114 1202.886]
[1206.608 1205.392]
[1209.161 1207.839]
[1211.699 1210.301]
[1214.246 1212.754]
[1216.755 1215.245]
[1219.206 1217.794]
[1221.72 1220.28]
[1224.23 1222.77]
[1226.745 1225.255]
[1229.348 1227.652]
[1231.851 1230.149]
[1234.357 1232.643]
[1236.842 1235.158]
[1239.351 1237.649]
[1241.936 1240.064]
[1244.455 1242.545]
[1246.909 1245.091]
[1249.471 1247.529]
[1252.036 1249.964]
[1254.542 1252.458]
[1257.057 1254.943]
[1259.515 1257.485]
[1262.024 1259.976]
[1264.558 1262.442]
[1267.073 1264.927]
[1269.642 1267.358]
[1272.173 1269.827]
[1274.721 1272.279]
[1277.229 1274.771]
[1279.715 1277.285]
[1282.214 1279.786]
[1284.711 1282.289]
[1287.234 1284.766]
[1289.727 1287.273]
[1292.243 1289.757]
[1294.77 1292.23]
[1297.276 1294.724]
[1299.744 1297.256]
[1302.266 1299.734]
[1304.781 1302.219]
[1307.289 1304.711]
[1309.808 1307.192]
[1312.288 1309.712]
[1314.775 1312.225]
[1317.24 1314.76]
[1319.765 1317.235]
[1322.353 1319.647]
[1324.864 1322.136]
[1327.335 1324.665]
[1329.807 1327.193]
[1332.287 1329.713]
[1334.756 1332.244]
[1337.264 1334.736]
[1339.78 1337.22]
[1342.334 1339.666]
[1344.761 1342.239]
[1347.247 1344.753]
[1349.778 1347.222]
[1352.192 1349.808]
[1354.681 1352.319]
[1357.162 1354.838]
[1359.613 1357.387]
[1362.106 1359.894]
[1364.578 1362.422]
[1367.09 1364.91]
[1369.583 1367.417]
[1372.114 1369.886]
[1374.584 1372.416]
[1377.122 1374.878]
[1379.573 1377.427]
[1382.052 1379.948]
[1384.538 1382.462]
[1387.046 1384.954]
[1389.532 1387.468]
[1392. 1390.]
[1394.453 1392.547]
[1396.989 1395.011]
[1399.48 1397.52]
[1401.936 1400.064]
[1404.427 1402.573]
[1406.914 1405.086]
[1409.413 1407.587]
[1411.941 1410.059]
[1414.43 1412.57]
[1416.943 1415.057]
[1419.478 1417.522]
[1421.958 1420.042]
[1424.456 1422.544]
[1426.88 1425.12]
[1429.421 1427.579]
[1432.003 1429.997]
[1434.45 1432.55]
[1436.979 1435.021]
[1439.514 1437.486]
[1442. 1440.]
[1444.452 1442.548]
[1446.972 1445.028]
[1449.501 1447.499]
[1452.046 1449.954]
[1454.528 1452.472]
[1456.974 1455.026]
[1459.482 1457.518]
[1462.011 1459.989]
[1464.56 1462.44]
[1467.058 1464.942]
[1469.589 1467.411]
[1472.054 1469.946]
[1474.496 1472.504]
[1477.024 1474.976]
[1479.495 1477.505]
[1482.032 1479.968]
[1484.529 1482.471]
[1487.069 1484.931]
[1489.578 1487.422]
[1492.054 1489.946]
[1494.58 1492.42]
[1497.053 1494.947]
[1499.607 1497.393]
[1502.049 1499.951]
