0.1154314638997838
0.08969335866514337
0.08631612829064893
0.07677486720602206
0.061226480396047986
0.061974949678215485
0.046653467147541386
0.03281125155960243
0.04040599046785326
0.03448147230956364
0.06836341546500094
0.029112622566537894
0.03962375021461169
0.03514398719342068
0.030696990045759844
0.03605495374117767
0.02566401709046771
0.02980963011371659
0.033447739091237536
0.01853887043582819
0.018497968295294365
0.03446712636385331
0.02642795068547851
0.01675388282827864
0.024934431766910757
0.02454407174307389
0.006060160880306091
0.004371934873495116
0.005655192350415936
0.010380035894806244
0.0143479382495103
0.0027638397716229124
0.0171117395440618
0.007598897897375572
0.010868402741209142
0.008602167253150045
0.011099489853823358
0.014276356685154857
0.003576893449281006
0.009010553560716845
0.010222710751478127
0.017537494087506014
0.015197199464318805
0.0018752601430484172
0.019355209149584877
0.0033386085730454083
0.015940163092304744
0.014450320217682193
0.008764574457913248
0.007592050018327255
0.015007896270407953
0.01628751174617127
0.010837781509086906
0.007329103920515414
0.010511695594859873
0.007912462614030598
0.011191879182346322
0.014541772477486496
0.007593819985389848
0.008073492063614802
0.003327665336513931
0.009608353805197905
0.0019274643550829204
0.002140983251821371
0.006702344596514338
0.0018036524040372858
0.011431293236499166
0.012473687012506215
0.011439531608728617
0.01136068800766052
0.006602958002478827
0.0033422047290613353
0.0030008888812350296
0.010294690531142264
0.004450770560218099
0.008391285166173565
0.006709576379469103
0.009063529791910436
0.0038876194334041088
0.004985961311247794
0.006561917630532114
0.010338942792620183
0.01288587413282643
0.00945794025154822
0.0028280787655120794
0.003606045220187682
0.006004883404346951
0.008691705005604233
0.006863230819476855
0.004545772157613515
0.006964385776631614
0.005633379331873665
0.0059744720445231965
0.0028006240897909818
0.005625491530665251
0.005104548880946938
0.007700088792405978
0.00959800989894507
0.005526393288517829
0.0073338835575048915
0.003623091986416575
0.0040816692173171595
0.005345673962126627
0.005733897158586213
0.005724431544111281
0.008559395572894432
0.00940369084707155
0.0025265508383213262
0.002353886675895239
0.0032854291622797065
0.005378431358234433
0.0004931889755935274
0.0033460641402379542
0.002762628946658359
0.006516870708837995
0.004618445843608357
0.0019587973368911955
0.006923011590253971
0.002502059224780879
0.005488420470190018
0.003990598106680617
0.0029909091440944637
0.0049139221020876025
0.000999304106058446
0.005718990655152555
0.0032124931072483715
0.007210630512810656
0.007182086846370454
-0.0014327006046112888
0.0021084900551428093
0.0021776814463748094
0.005949351778208496
0.0021987148141529252
0.003091999935643823
0.0014739720375919593
0.0003047911592922823
0.004447650928228168
-0.001468774172345572
0.005187186252381398
0.008818832459678806
0.000882337817203378
0.002809477987971125
-0.001280283144678134
0.004307418859864155
0.005839308330359447
0.0018916501897319727
0.0019023986562383785
0.005315255232198318
0.001483791086868309
0.004069149618061486
0.0005775782239624804
0.00115164629623922
0.001778256277681304
0.0018290044730420963
0.0003952117293896423
-0.001373194856231595
0.0019374706162599295
0.004136801508934566
0.0045463064556645946
0.002096844593981253
0.004022300775227516
0.00647722446477404
0.0023258052486365317
0.0009787171597058974
0.003810823445974659
0.0027876152539557664
0.000473135613587152
0.004143878015260287
-0.00037982849260824534
0.00434835231177899
0.0004918634318875668
0.001139995615615879
-0.0010455354993869359
0.0010431291992518087
0.0021897167829595
0.006178434031134067
0.0063719085286306565
0.0018102879573538941
0.003842844365049594
0.005621958185808542
0.0012116625964607123
0.003522222400388693
0.001354001151191817
0.005811276415732784
0.003811606317387976
0.0017118741555651002
0.0018146058798514555
0.002629601401479463
-0.0009966410573196945
0.0020641288168146495
0.0014833892181639816
0.0015079299350042616
0.004881650476703605
-0.0014665323822187215
0.0068365358260932705
0.004306018126803462
0.004189274823128745
0.002067739879263162
0.0028005568523189854
0.004617499295280272
0.005459391854642253
0.001834422302808895
0.000656621466569686
0.004307162733439672
0.0024161438256262054
0.0004525323369162165
0.00207891272050504
0.0033929586666834217
0.0012393646719892292
-0.0010747838898469346
0.00618401797700164
0.004365084760162264
0.002051030762003359
0.0008359436643120869
0.003345380866585944
0.0020941762006034276
0.0015150195860543776
0.0008073406034122667
0.0025268040553887428
0.00493172133448987
0.005063773905955976
0.003167542771732753
0.003291586899741596
0.0011361315050962154
0.002611758273794309
1.947162395285085e-05
-0.0008179356841063887
0.0009339149919086626
0.004963058343103407
0.00020033748453076501
-0.0006596182436536067
-0.0002732053512045029
0.0017252719159038623
0.0017794521561971567
0.0022778019343265713
0.005640881849532173
0.0015207624269070819
0.0017400243328361698
0.0035266254641548767
0.002847710992186993
0.0018659672743315564
0.002394420210109585
0.0012489643112783403
0.004162425220595346
-0.0015898152867814465
0.0025976581637972224
-0.0007647630304447874
0.0016618170949544207
0.0059723224402400766
0.00325565993539394
0.002692592129494911
0.0007764333455595423
0.004331177194647421
0.0015008547035753141
0.0022551799749062733
0.0030756414588131863
0.003958853543392295
-0.0026210724343162135
-0.0012326372262542106
0.002509284955223744
8.589432321458174e-06
0.002337488706733703
0.0013042321760722308
0.0027875214055206724
0.0015695794700141142
0.003960812184999955
0.0037373063415451747
-0.001044625712721564
0.003061584279272189
0.0038027171258042058
0.0029886955373635417
0.0023349693955712495
0.0027694127084432803
0.0014414587850462538
0.0036460381541502745
0.0020435381045905416
0.00506103322740928
0.0017238204299122922
-0.0018018099877905643
0.002053547872711487
2.485446992555208e-05
0.002246303549045149
0.0032926455385854482
0.0010612938519840116
0.00015128996115629418
0.0061282887071788675
0.00017049771734025835
0.0036945967216962007
0.0025570286201183623
0.0035107856836630214
0.0028857564213859866
0.0007918287526262278
0.0034738592694572687
0.00021793972675496147
0.0011713806338630062
0.0004573923717821986
0.002494501092035813
-0.0015960264896154744
0.002534106631567106
0.002514231663266166
0.0007057362125158829
0.0002090187895233082
0.0023856738566284093
-0.003533002203556614
-0.0001578092515467765
0.0024157563725202657
0.0037310115783407522
0.000683689005510512
0.003183987097855371
0.0026843932289870275
4.9325749679369865e-05
0.0009497015243375618
0.0028095584682901074
0.0001672460808048677
0.0001337085471871871
0.0019203150758885297
0.001998579863730089
0.002268494646108657
-0.0030594827513716286
0.0030538641627551825
0.0004745341348870245
0.0035185891095588255
0.0017459590365946887
0.002015756785221665
0.000933476637649302
0.002109292301960769
0.0011997262951324314
-0.0014219614445037008
0.0014667182314638007
0.002061376125226804
-5.710629065139232e-05
0.0003810187216799017
0.0013233295762512425
0.0025620996593732374
0.0022107388357503464
0.0033029423964081777
0.003709843253562237
0.0020841744150607764
0.00292627930209801
0.0015238702255470173
0.001226138778275902
0.00282962314338239
-0.002109702463996563
0.0036895031641446707
0.00032926237227188463
0.0017577859005989437
0.0021762054306834634
0.0016041804842621718
0.0022452375615360765
-1.6714712781042674e-05
-0.0003288079840357318
0.0007788024871414115
-0.000553214035708825
0.004132068333696756
-0.001778870406485199
0.0014762766162946643
0.0026344240033844843
0.00016803577895998378
0.0035744016646822685
0.0022804951035559572
-4.4116484062847154e-05
-1.9946319467016387e-05
0.0006048609192834531
0.0006746749047545115
-1.016896124929663e-06
6.10530411149101e-05
0.0017494024454943271
0.0017054189572564943
0.0007458772566726822
0.0013028021836487898
-0.0012767911162563028
0.001135783239816603
0.0019714982901386765
0.0019700876679329617
0.002441315840342523
-0.0001328927704712641
0.00016353946578759465
0.0025146548872252527
0.001592633764196136
0.00106322508854982
0.0024283513039789983
0.003922742599964116
0.0006221905130691686
0.003369969620937039
0.002362364444521006
0.0014093005177686425
0.0012374912129054577
0.0027117737599582853
0.00014187749369254222
-0.0006610381432101836
-0.0019511323395046127
0.0003409431446042151
9.351139097986305e-05
-0.00016710162982995174
-0.0013789442155785366
0.0009415128138796668
0.0020540417026048627
0.0008256327467573898
0.0018811819768072705
0.0016611167447063105
-0.0014372761674775216
-0.0005783733735437082
0.0015428382235542636
0.0015528811951932757
0.001508159186096533
0.0012217931614872438
0.004209246262268228
0.0005825394601544292
0.0009761468268305015
0.0036321182637020686
0.0021008929323027815
0.0033066559343839486
0.0038679809683549444
0.003015715654519236
0.0015751711845143912
0.003768699486824982
-0.002231467635396841
-0.00028559984725688345
0.0025108392099701584
0.001401397303674357
0.0052173486550660605
-0.0005798112439831145
0.001743456160631182
0.001793826464831822
0.0006468720601852403
0.004045771347731786
-0.002289248004096754
0.0021226110385866898
0.0005268475390712198
0.0031584833136681003
0.0015367836360258306
-0.00026780485573714175
-0.0006890161758432994
0.0012327658458205235
0.0028059228651105246
-2.7382801872430015e-05
0.00044547587309042003
-0.0001851847801656648
0.0010650752813172143
0.0035325624219339005
0.0017665251101244206
-0.00175342604089229
0.0008129687356181323
0.0021745041463792684
0.001718228765891647
0.0008277363184817476
0.001113045062427591
0.0020984125503099673
0.0015139988772106315
0.00028761520876718856
0.002142842871975643
0.0017067563452067877
0.0020055896547707757
0.0005801086657054188
0.0020759045541654903
-0.0012953500118314176
0.0007567595757526003
0.00042759381806304903
0.0014608782039610129
0.0013681671017643162
0.001449875716384917
-0.00034285340848866456
0.0005069588375302161
0.0024141125439530453
-0.002917849030572461
0.003021211852263454
0.0015578620673019914
0.0025620231244192016
0.003506518075995389
-1.885626127818036e-05
0.001374973215368196
0.0012686853950606197
0.0016536352056363347
2.011184409849018e-05
0.00038250866831274075
0.0003363254952739203
0.002959708834668075
0.002515656903332593
0.003193543060247402
0.001616465709598618
0.0013651163843539213
0.0029601710315678514
0.0036960690782300003
0.0005065388640705037
-0.0012121660187565146
0.0015793324000419758
-0.0023319926067782186
0.0005331886835543512
0.002971472612756862
0.00030494858447260343
0.001310858366193346
0.0038812517075237224
0.0028927797116997524
0.0014111831166425351
0.0009769501762333117
-0.0013024408672518382
0.0029360343969407347
0.0008851450650673975
0.0029050972661159354
0.0027548613013114714
0.0005212877254372153
0.009295267057861399
0.00778970697312342
0.0016910593807087453
0.0034409282144761827
0.009343409102054015
0.008999471224645618
0.003925982503004202
0.009300593136950044
0.00012070546982378237
0.0014503244998406296
0.004962453529685604
0.00010572202218609626
0.0009580924816431576
0.0015388491520343629
0.007937713060170057
0.002483059001040827
0.0019261220335940305
0.004651614602529078
0.0011556677592109454
-0.0003271794507782802
0.007931299208373894
0.0067564178981995935
-0.0001391704644935362
0.007398514714407895
0.0054223158011521
0.00444520412412363
0.00441813637987905
0.004717465850315462
0.0011429763102566734
0.00494527054535334
0.0006043022370107848
0.0078880032365003
0.007734192477067086
0.0023258159648026737
0.00387979384337083
0.003325160919346817
0.0037370091396916097
0.0026884107000948536
0.0032774339052104857
0.001856854130727303
0.001141707092135049
0.004289276974787727
0.006842823629641338
0.004649459245811013
0.005036975518094731
0.0032814065842971894
0.0070449920929350875
0.0012736696276651144
0.003109867932982033
-3.654214652706528e-05
0.006940231248015797
0.0005860789160157958
0.00583298630804847
0.005903660906055599
0.004193140748600997
0.0009966493730328638
0.002811896428242238
0.005252074434997748
0.002679073015910655
-0.0018780220543777512
0.005011708311805602
0.0064308273900030456
0.0005080274844552913
0.0005835638751204476
0.0015338519527777349
0.005418684581808044
0.004442299168790163
0.0005963966721749761
0.003541238272293122
0.0025571213807058157
0.0052549079383419125
0.0024028936381039765
0.0036808210086414148
0.00115208234888783
0.002401937422339933
3.3824525048692105e-05
0.0043521571516852535
-0.0010030550319632312
0.0039828972986172845
0.0015440367237888099
0.001278977380615599
-0.0006640891498501096
0.0032717190863324275
0.003322445754141069
0.00592084315164098
0.0051571715791798286
0.005085469620866309
-0.0019443290218795837
0.0005867961926927229
0.0036270936037885726
0.003483252224946701
0.004637828216970573
0.005801437809073403
0.0012419793051376916
0.0041724012871440725
0.0006027949514094053
-0.00031295972827951663
-0.002769945412593276
9.033560179617619e-05
0.002877385960885992
0.002689419219524784
0.002307721126833139
0.004093267802462851
-0.0011432606741499465
0.00550661970429718
0.004239499845222139
0.0022034061493284352
0.0024940993739985583
0.0026544818093187836
0.0035280940361053976
-0.003729010205367457
0.0031650205564153835
0.0005105295921989116
0.0012051711903569462
0.0033614718481650404
0.0010849982584546836
0.004265563757898809
0.006893190171793452
0.00108796067077775
0.0034350985763050707
0.0006762951038186875
0.002824576489413214
0.003151188537338676
0.0018187397008299023
-0.0010861828527652586
0.0028824123149755318
0.0037345368984548076
0.0015238473877408898
0.003101293215619326
0.0010554089967162944
0.0006762897368236349
0.0002728510260339245
0.003859334967820986
0.0026786056404849955
0.0012202619629416507
0.0001679647550027071
0.0035769932537790196
0.002754402883190489
-0.0005464346535534867
0.0017039426761448324
0.006576834146055596
0.0059462655259229944
-0.00044380264975755893
0.0037122113067909455
0.0018217250356454774
-0.0008810617704743998
0.004038410935976136
0.0012090775028139368
0.005988781920888711
0.0012765938431513872
0.002665103912849803
0.0036716696116203783
0.0028034625093151756
0.0035099498674762133
0.003378049649709016
-0.00015694586580779432
0.001690892713272107
0.0021151420509746307
0.004430492034021508
0.0010438864233028812
0.00034611782144932616
0.0031069583187425397
0.0005640630402142853
0.0039361193393220905
0.004009961119710108
-0.0021456424785873986
-0.0005655497799887442
0.003396117228511886
-0.0005354785870283661
0.0007386627756434058
0.0019575587528237025
0.0012799500981615362
0.001796872539563097
0.002736625049857285
0.0007039392431928568
0.0011778928151966854
0.0010415308890387941
0.001993593077675543
0.0025925637359953536
0.00257640435447646
0.002167170369217453
0.0010348336062087002
0.002814235822192249
0.0014644158631945332
0.003368270881953147
0.00311167582941926
0.0031941743141791442
0.0009792253374110702
0.001215569873526579
0.005692772646233621
0.00301850826571192
-0.0006252517239663123
0.00012616786076603159
0.002772856655380291
-0.0025847672404191763
-0.0015839000017110868
0.0011909045676196887
0.00015862909794941754
0.003486398046237076
0.0030208926520313077
0.0009370364995825917
0.002546785604706883
0.002599437548070817
0.00309490783534255
0.0013002071281001907
-0.00014919678109153085
0.0025382861178038724
0.0032780305447478253
0.0004883331023482918
-0.0004762712854934219
0.0003058792167625291
-0.002137991497418058
0.0031149610790261392
0.003621691016242522
0.003814654857287032
0.0034958053172215293
0.00015129694619451015
0.00021947564225807624
-0.0012659339773688333
0.0009531879347052072
0.0006031510700762958
0.0012276559023050376
0.0038265298882092175
0.0005011640000034563
0.0023541699694181743
0.0010504470898280345
0.001913244115546331
0.00048599050069014164
-0.0013207836757690755
0.002731814156970857
0.0028815959968799924
0.001682532628402647
0.0020552704422752695
-0.0023168592414721423
0.0013709164867774103
-0.001468595217339558
0.0008886996001501164
0.001140479852847276
0.001123623514372697
0.0032062057359990848
0.0027618017882613285
0.0027058352127467037
0.00039404389257821176
0.0013596191683346811
0.001980178178026999
0.0013357205627349783
0.004402345874554484
0.0029210649433104286
0.00317001641094322
0.0051947428589838645
0.0038899273977354484
-0.0007127515682821756
3.7692394245353924e-05
0.0006023620150246803
0.003652443763450764
-9.013317190271309e-05
-0.0002984905819196793
0.0004700067849225471
0.0019789071626449095
0.0002032809652493707
0.0010763549018309299
0.0007534166907465477
0.0024008072352521012
0.003220810246747373
0.004714510144466327
0.0037603389369828513
0.0019997758636141113
0.0008372923520034175
0.0041585256813985606
0.002643220080514261
-0.0017787617522156652
-0.0001533309434786942
0.003030446123582349
0.0016888366783917664
0.00466732742442952
-0.00334406164702198
0.0010926780380134098
-0.0005658537940918897
0.003117900709138333
0.0028906595223366378
0.0021475340599995912
0.002498597936743864
-0.0021440417451107302
0.004752517388913019
0.0029177713629428437
0.0010666756321858614
-0.00024600055368233947
0.002456459598152656
-0.002203703371988726
-0.000761842657670098
0.0008939106643135178
0.003330018638823741
0.0034694883544557887
0.0021811717809449497
0.0010556972918754869
0.0003525392179106198
0.00022684010939384198
0.0026515082731134853
0.0020789602722051884
0.0005175485145308044
0.0019452467851089914
0.0009299609749292633
0.00040621229404925183
0.003200056711568718
0.001012458651006588
0.0021642524394396277
-0.0002705888320197425
0.0022214808964586617
-0.0010825615249939133
0.0019007340134130693
0.0034828219642001053
-8.499200088657542e-05
-0.00018653815894535518
-0.001779264984452429
0.0008172943952526527
0.0002781170667533207
0.001839679587960676
0.0007436413053167225
0.0011182556100492538
0.00263369478056076
0.001300161483107004
0.002865999800240626
-0.0028231939090342635
-0.0012153161303289344
2.2474949641075983e-05
-2.11558563283716e-05
-0.0010918833781485345
-0.0009398094050661517
0.0010507508970394328
0.0019902999179224226
0.0016725155079877817
0.002513900420022794
-0.00033111714024013116
0.00041181719203471135
-0.0002956320575745652
-0.0005934277809815382
8.856064042711851e-05
-0.0002627145661411568
0.002834764813684978
0.0009305717546549221
0.000699777782285379
1.8510504461513588e-07
0.0007272064039819227
0.002326084549369583
0.0034080766862626274
0.00408149963870515
0.0027187781198189298
0.001919765277422151
0.0006778471045889525
4.044431062233705e-05
-0.00015364790045312957
0.0028402210458608073
0.0032018622930666697
0.0008349351944193529
-0.001525183044591057
-0.00110243142652658
-0.0009770019607464701
0.0003793395839032027
9.409644198296168e-05
0.001978402420749935
-0.0005200671798521775
0.0034946489863869586
0.0024927976185659486
0.0030596400924401326
0.0015282600657870026
0.002613185511852825
0.0014282468912574116
0.0007675917076339434
0.00014110663864972395
0.00015486287123927094
0.0015269480752126076
-0.0001840491584416417
0.0027356321543756806
0.0024004166480482464
-0.0003615650424863017
-0.00029396871723590015
0.003043442201128796
0.0017150839555080814
-0.0016484467176006517
0.0007508265029601685
0.0022141824639924385
-0.0008823743181427712
0.0006502411498183199
0.0007143068134304932
0.0008107205505708353
0.0005661396710357
0.0021291846149521752
0.001382507666203526
0.0009801082253663533
-0.0022322922519795174
0.0019637822164925603
0.0019855344904663413
0.0013634402793715587
0.0031154770350739778
0.0028460864698438924
0.0005394449936347783
0.0012452686819044135
-0.0004287877376230728
-0.0001559432382746518
-0.0009581180426018283
0.0002682987909851875
0.0018205625459607087
0.00046177572727637664
0.002098750475159272
0.000731151863170135
0.0007201464371660051
0.002260534257509158
0.0014422178860318264
0.0017533079171040155
-0.0006822141746205384
-0.0005717533933505896
0.0017509751171318395
0.003134690496649818
-0.0006802779838362407
0.002822270353980119
0.000649843959859556
0.0008437767318617477
0.0005117220168764254
0.0003160231368255885
3.6410314886632514e-05
-0.00023754239185960128
0.0006746090154187921
0.0002491430469780133
0.0024633521979815255
3.080230883804988e-05
0.001176363685113967
-0.00022210850884892008
0.0002976275465849937
-7.555637844774846e-05
0.001872309589671273
0.0010121897040566348
0.0003958827131417904
0.0007484635683182472
0.001992637523813988
-0.0004768357115445177
0.004304964824575026
0.00032249806898944236
0.0015126435493304675
0.00025948413771321516
0.0017259009752268596
0.0023784626535470663
0.0013986973187237383
0.0008955231202268647
0.003910502899866971
0.0005319994458750125
0.00016777490262311637
0.0019564976110050757
0.0006241010644649019
0.0006381690086635416
0.001534755478712062
0.0017391243317070385
0.0007281716443164644
0.0021112556606917893
0.0004025245996437065
0.002927619829778625
0.0004151315450423804
0.0009948167999045555
0.0005113312341126098
0.00026734668593734177
0.0010542724120969436
0.0005906327892985108
-0.0011648644822709053
-0.0010376118901410688
0.003085661500376951
0.0035898265669454016
0.0011685367422546373
-0.000299118527608419
-9.336418686794875e-05
-4.5276047382396216e-05
-0.0005795191845502964
-0.0012353241994416506
-0.00040923996908855315
-0.0005367984221561837
0.0023004016904380684
0.0011139779868070269
0.0030644076893862125
0.000601192347890279
0.001560865466350646
0.00208833077015676
0.0011256115872197313
0.0014764856058977049
0.0003148546189323629
0.0029635464117533155
0.0008493121310826736
-0.000764151229038852
-0.0007793480106161136
-0.0001686595987441146
0.002391998397545198
0.0030193262232218053
-0.0009256963867307378
-0.0014659412771518862
0.002622652941742074
-0.0004575933814444897
9.653004032245677e-05
0.0004178541440945703
0.002135010584689121
-0.0006911290277716869
0.0005890118145800944
-0.0005459423018243018
