diff 0.0009737603904051349

p_true 0.5831479762531365
E[p]     0.5829846582984658
true prices -0.5393143062221254 -0.8750239792809639
exp  prices -0.5400935450973344 -0.8756079279715908

beta params 418.0 299.0


1.0 1.0
4.0 3.0
7.0 5.0
10.0 7.0
14.0 8.0
18.0 9.0
22.0 10.0
24.0 13.0
28.0 14.0
31.0 16.0
32.0 20.0
34.0 20.0
37.0 22.0
39.0 23.0
42.0 25.0
42.0 25.0
43.0 29.0
46.0 31.0
49.0 33.0
51.0 34.0
54.0 36.0
54.0 36.0
59.0 36.0
59.0 36.0
62.0 38.0
62.0 38.0
65.0 40.0
66.0 41.0
70.0 42.0
70.0 42.0
74.0 43.0
74.0 43.0
77.0 45.0
77.0 45.0
80.0 47.0
80.0 47.0
83.0 49.0
83.0 49.0
86.0 51.0
86.0 51.0
90.0 52.0
90.0 52.0
92.0 55.0
92.0 55.0
95.0 57.0
95.0 57.0
97.0 60.0
97.0 60.0
100.0 62.0
100.0 62.0
105.0 62.0
105.0 62.0
109.0 63.0
109.0 63.0
112.0 65.0
112.0 65.0
114.0 68.0
114.0 68.0
116.0 71.0
116.0 71.0
120.0 72.0
120.0 72.0
124.0 73.0
124.0 73.0
128.0 74.0
128.0 74.0
130.0 77.0
130.0 77.0
134.0 78.0
134.0 78.0
136.0 81.0
136.0 81.0
139.0 83.0
139.0 83.0
142.0 85.0
142.0 85.0
144.0 88.0
144.0 88.0
146.0 91.0
146.0 91.0
150.0 92.0
150.0 92.0
153.0 94.0
153.0 94.0
157.0 95.0
157.0 95.0
161.0 96.0
161.0 96.0
165.0 97.0
165.0 97.0
169.0 98.0
169.0 98.0
170.0 102.0
170.0 102.0
173.0 104.0
173.0 104.0
177.0 105.0
177.0 105.0
181.0 106.0
181.0 106.0
184.0 108.0
184.0 108.0
185.0 112.0
185.0 112.0
190.0 112.0
190.0 112.0
193.0 114.0
193.0 114.0
196.0 116.0
196.0 116.0
198.0 119.0
198.0 119.0
200.0 122.0
200.0 122.0
203.0 124.0
203.0 124.0
206.0 126.0
206.0 126.0
207.0 130.0
207.0 130.0
209.0 133.0
209.0 133.0
212.0 135.0
212.0 135.0
214.0 138.0
214.0 138.0
216.0 141.0
216.0 141.0
219.0 143.0
219.0 143.0
222.0 145.0
222.0 145.0
226.0 146.0
226.0 146.0
230.0 147.0
230.0 147.0
234.0 148.0
234.0 148.0
235.0 152.0
235.0 152.0
238.0 154.0
238.0 154.0
239.0 158.0
239.0 158.0
240.0 162.0
240.0 162.0
243.0 164.0
243.0 164.0
247.0 165.0
247.0 165.0
251.0 166.0
251.0 166.0
255.0 167.0
255.0 167.0
258.0 169.0
258.0 169.0
261.0 171.0
261.0 171.0
264.0 173.0
264.0 173.0
267.0 175.0
267.0 175.0
269.0 178.0
269.0 178.0
271.0 181.0
271.0 181.0
275.0 182.0
275.0 182.0
277.0 185.0
277.0 185.0
280.0 187.0
280.0 187.0
283.0 189.0
283.0 189.0
288.0 189.0
288.0 189.0
291.0 191.0
291.0 191.0
294.0 193.0
294.0 193.0
296.0 196.0
296.0 196.0
299.0 198.0
299.0 198.0
303.0 199.0
303.0 199.0
307.0 200.0
307.0 200.0
310.0 202.0
310.0 202.0
314.0 203.0
314.0 203.0
316.0 206.0
316.0 206.0
317.0 210.0
317.0 210.0
320.0 212.0
320.0 212.0
323.0 214.0
323.0 214.0
326.0 216.0
326.0 216.0
329.0 218.0
329.0 218.0
333.0 219.0
333.0 219.0
336.0 221.0
336.0 221.0
338.0 224.0
338.0 224.0
342.0 225.0
342.0 225.0
344.0 228.0
344.0 228.0
345.0 232.0
345.0 232.0
346.0 236.0
346.0 236.0
349.0 238.0
349.0 238.0
352.0 240.0
352.0 240.0
354.0 243.0
354.0 243.0
357.0 245.0
357.0 245.0
359.0 248.0
359.0 248.0
362.0 250.0
362.0 250.0
365.0 252.0
365.0 252.0
369.0 253.0
369.0 253.0
372.0 255.0
372.0 255.0
375.0 257.0
375.0 257.0
378.0 259.0
378.0 259.0
381.0 261.0
381.0 261.0
384.0 263.0
384.0 263.0
386.0 266.0
386.0 266.0
389.0 268.0
389.0 268.0
390.0 272.0
390.0 272.0
394.0 273.0
394.0 273.0
396.0 276.0
396.0 276.0
398.0 279.0
398.0 279.0
401.0 281.0
401.0 281.0
402.0 285.0
402.0 285.0
404.0 288.0
404.0 288.0
407.0 290.0
407.0 290.0
411.0 291.0
411.0 291.0
413.0 294.0
413.0 294.0
414.0 298.0
414.0 298.0
418.0 299.0