diff 0.0013566401097919862

p_true 0.4685982098532823
E[p]     0.4683734939759036
true prices -0.7580095731178679 -0.6322368769253318
exp  prices -0.7593446148656069 -0.6324779908388465

beta params 311.0 353.0


1.0 1.0
1.0 4.0
4.0 6.0
5.0 10.0
6.0 14.0
9.0 16.0
12.0 18.0
15.0 20.0
18.0 22.0
19.0 26.0
21.0 29.0
21.0 29.0
23.0 32.0
23.0 32.0
25.0 35.0
27.0 37.0
29.0 40.0
30.0 43.0
34.0 44.0
38.0 45.0
42.0 46.0
42.0 47.0
46.0 48.0
46.0 48.0
48.0 51.0
48.0 51.0
51.0 53.0
51.0 53.0
53.0 56.0
53.0 56.0
55.0 59.0
55.0 59.0
56.0 63.0
56.0 63.0
57.0 67.0
57.0 67.0
60.0 69.0
60.0 69.0
61.0 73.0
61.0 73.0
64.0 75.0
64.0 75.0
65.0 79.0
65.0 79.0
66.0 83.0
66.0 83.0
69.0 85.0
69.0 85.0
71.0 88.0
71.0 88.0
73.0 91.0
73.0 91.0
76.0 93.0
76.0 93.0
79.0 95.0
79.0 95.0
82.0 97.0
82.0 97.0
84.0 100.0
84.0 100.0
87.0 102.0
87.0 102.0
90.0 104.0
90.0 104.0
92.0 107.0
92.0 107.0
93.0 111.0
93.0 111.0
96.0 113.0
96.0 113.0
99.0 115.0
99.0 115.0
101.0 118.0
101.0 118.0
103.0 121.0
103.0 121.0
106.0 123.0
106.0 123.0
110.0 124.0
110.0 124.0
111.0 128.0
111.0 128.0
112.0 132.0
112.0 132.0
113.0 136.0
113.0 136.0
115.0 139.0
115.0 139.0
118.0 141.0
118.0 141.0
119.0 145.0
119.0 145.0
121.0 148.0
121.0 148.0
123.0 151.0
123.0 151.0
126.0 153.0
126.0 153.0
130.0 154.0
130.0 154.0
132.0 157.0
132.0 157.0
133.0 161.0
133.0 161.0
136.0 163.0
136.0 163.0
139.0 165.0
139.0 165.0
141.0 168.0
141.0 168.0
143.0 171.0
143.0 171.0
145.0 174.0
145.0 174.0
149.0 175.0
149.0 175.0
150.0 179.0
150.0 179.0
152.0 182.0
152.0 182.0
154.0 185.0
154.0 185.0
157.0 187.0
157.0 187.0
161.0 188.0
161.0 188.0
163.0 191.0
163.0 191.0
166.0 193.0
166.0 193.0
168.0 196.0
168.0 196.0
171.0 198.0
171.0 198.0
174.0 200.0
174.0 200.0
176.0 203.0
176.0 203.0
177.0 207.0
177.0 207.0
179.0 210.0
179.0 210.0
181.0 213.0
181.0 213.0
182.0 217.0
182.0 217.0
184.0 220.0
184.0 220.0
185.0 224.0
185.0 224.0
189.0 225.0
189.0 225.0
192.0 227.0
192.0 227.0
196.0 228.0
196.0 228.0
198.0 231.0
198.0 231.0
202.0 232.0
202.0 232.0
206.0 233.0
206.0 233.0
207.0 237.0
207.0 237.0
209.0 240.0
209.0 240.0
210.0 244.0
210.0 244.0
212.0 247.0
212.0 247.0
215.0 249.0
215.0 249.0
215.0 254.0
215.0 254.0
216.0 258.0
216.0 258.0
217.0 262.0
217.0 262.0
221.0 263.0
221.0 263.0
222.0 267.0
222.0 267.0
225.0 269.0
225.0 269.0
228.0 271.0
228.0 271.0
231.0 273.0
231.0 273.0
235.0 274.0
235.0 274.0
238.0 276.0
238.0 276.0
241.0 278.0
241.0 278.0
242.0 282.0
242.0 282.0
246.0 283.0
246.0 283.0
249.0 285.0
249.0 285.0
251.0 288.0
251.0 288.0
254.0 290.0
254.0 290.0
256.0 293.0
256.0 293.0
261.0 293.0
261.0 293.0
263.0 296.0
263.0 296.0
265.0 299.0
265.0 299.0
268.0 301.0
268.0 301.0
270.0 304.0
270.0 304.0
271.0 308.0
271.0 308.0
273.0 311.0
273.0 311.0
276.0 313.0
276.0 313.0
278.0 316.0
278.0 316.0
279.0 320.0
279.0 320.0
284.0 320.0
284.0 320.0
285.0 324.0
285.0 324.0
286.0 328.0
286.0 328.0
290.0 329.0
290.0 329.0
293.0 331.0
293.0 331.0
295.0 334.0
295.0 334.0
296.0 338.0
296.0 338.0
299.0 340.0
299.0 340.0
300.0 344.0
300.0 344.0
303.0 346.0
303.0 346.0
307.0 347.0
307.0 347.0
308.0 351.0
308.0 351.0
311.0 353.0