diff 0.0011585328565458272

p_true 0.29484191810837707
E[p]     0.29542302357836336
true prices -1.221315937091459 -0.3493332716720675
exp  prices -1.221002584620622 -0.3504486230107571

beta params 213.0 508.0


1.0 1.0
2.0 5.0
5.0 7.0
5.0 10.0
6.0 14.0
6.0 19.0
7.0 23.0
8.0 27.0
10.0 30.0
12.0 33.0
13.0 37.0
15.0 40.0
16.0 44.0
16.0 44.0
16.0 49.0
16.0 49.0
16.0 54.0
16.0 55.0
16.0 60.0
17.0 63.0
18.0 67.0
20.0 70.0
22.0 73.0
22.0 73.0
24.0 76.0
24.0 76.0
27.0 78.0
27.0 78.0
29.0 81.0
29.0 81.0
31.0 84.0
34.0 86.0
35.0 90.0
35.0 90.0
36.0 94.0
36.0 94.0
37.0 98.0
37.0 98.0
39.0 101.0
39.0 101.0
40.0 105.0
40.0 106.0
41.0 110.0
41.0 110.0
43.0 113.0
43.0 113.0
45.0 116.0
45.0 116.0
46.0 120.0
46.0 120.0
48.0 123.0
48.0 123.0
50.0 126.0
50.0 126.0
51.0 130.0
51.0 130.0
52.0 134.0
52.0 134.0
55.0 136.0
55.0 136.0
57.0 139.0
57.0 139.0
59.0 142.0
59.0 142.0
61.0 145.0
61.0 145.0
61.0 150.0
61.0 150.0
63.0 153.0
63.0 153.0
65.0 156.0
65.0 156.0
66.0 160.0
66.0 160.0
66.0 165.0
66.0 165.0
68.0 168.0
68.0 168.0
69.0 172.0
69.0 172.0
71.0 175.0
71.0 175.0
74.0 177.0
74.0 177.0
77.0 179.0
77.0 179.0
79.0 182.0
79.0 182.0
82.0 184.0
82.0 184.0
83.0 188.0
83.0 188.0
84.0 192.0
84.0 192.0
86.0 195.0
86.0 195.0
90.0 196.0
90.0 196.0
92.0 199.0
92.0 199.0
92.0 204.0
92.0 204.0
94.0 207.0
94.0 207.0
97.0 209.0
97.0 209.0
98.0 213.0
98.0 213.0
99.0 217.0
99.0 217.0
99.0 222.0
99.0 222.0
101.0 225.0
101.0 225.0
102.0 229.0
102.0 229.0
103.0 233.0
103.0 233.0
104.0 237.0
104.0 237.0
106.0 240.0
106.0 240.0
107.0 244.0
107.0 244.0
108.0 248.0
108.0 248.0
108.0 253.0
108.0 253.0
109.0 257.0
109.0 257.0
110.0 261.0
110.0 261.0
113.0 263.0
113.0 263.0
114.0 267.0
114.0 267.0
116.0 270.0
116.0 270.0
117.0 274.0
117.0 274.0
118.0 278.0
118.0 278.0
119.0 282.0
119.0 282.0
121.0 285.0
121.0 285.0
123.0 288.0
123.0 288.0
125.0 291.0
125.0 291.0
128.0 293.0
128.0 293.0
131.0 295.0
131.0 295.0
134.0 297.0
134.0 297.0
136.0 300.0
136.0 300.0
137.0 304.0
137.0 304.0
140.0 306.0
140.0 306.0
143.0 308.0
143.0 308.0
144.0 312.0
144.0 312.0
146.0 315.0
146.0 315.0
149.0 317.0
149.0 317.0
151.0 320.0
151.0 320.0
152.0 324.0
152.0 324.0
154.0 327.0
154.0 327.0
158.0 328.0
158.0 328.0
158.0 333.0
158.0 333.0
158.0 338.0
158.0 338.0
159.0 342.0
159.0 342.0
161.0 345.0
161.0 345.0
162.0 349.0
162.0 349.0
164.0 352.0
164.0 352.0
165.0 356.0
165.0 356.0
166.0 360.0
166.0 360.0
167.0 364.0
167.0 364.0
168.0 368.0
168.0 368.0
169.0 372.0
169.0 372.0
170.0 376.0
170.0 376.0
171.0 380.0
171.0 380.0
171.0 385.0
171.0 385.0
173.0 388.0
173.0 388.0
175.0 391.0
175.0 391.0
177.0 394.0
177.0 394.0
179.0 397.0
179.0 397.0
179.0 402.0
179.0 402.0
180.0 406.0
180.0 406.0
181.0 410.0
181.0 410.0
181.0 415.0
181.0 415.0
182.0 419.0
182.0 419.0
183.0 423.0
183.0 423.0
185.0 426.0
185.0 426.0
185.0 431.0
185.0 431.0
186.0 435.0
186.0 435.0
188.0 438.0
188.0 438.0
190.0 441.0
190.0 441.0
193.0 443.0
193.0 443.0
194.0 447.0
194.0 447.0
195.0 451.0
195.0 451.0
196.0 455.0
196.0 455.0
196.0 460.0
196.0 460.0
199.0 462.0
199.0 462.0
200.0 466.0
200.0 466.0
201.0 470.0
201.0 470.0
201.0 475.0
201.0 475.0
202.0 479.0
202.0 479.0
204.0 482.0
204.0 482.0
205.0 486.0
205.0 486.0
205.0 491.0
205.0 491.0
207.0 494.0
207.0 494.0
208.0 498.0
208.0 498.0
209.0 502.0
209.0 502.0
210.0 506.0
210.0 506.0
213.0 508.0