Sequence type:               interleaved
High Budget:                 5 traders with 5 observations and inf budget
Low Budget:                  5 traders with 5 observations and 10 budget
Convergence criteria:        60 rounds or 0.001 change in L2 norm of share vector

CONFIDENCE INTERVALS:
Converged Params:           [[168.178 164.804]
 [171.181 167.954]
 [172.861 174.263]
 [171.723 169.673]
 [179.039 169.443]
 [179.943 169.206]
 [176.255 171.291]
 [174.832 172.06 ]
 [173.433 169.192]
 [178.295 177.802]
 [167.076 182.809]
 [172.432 177.205]
 [175.24  173.604]
 [175.447 173.144]
 [177.356 173.91 ]
 [170.455 176.967]
 [171.563 174.395]
 [172.257 175.34 ]
 [178.142 176.827]
 [174.035 176.256]
 [173.569 175.493]
 [179.134 172.336]
 [172.966 178.224]
 [173.586 183.876]
 [178.187 175.586]] \pm [[7.42551641 7.64169127]
 [7.94951844 7.82874051]
 [7.92692812 7.6440477 ]
 [7.77719511 7.6376852 ]
 [7.96620715 7.62937163]
 [8.02199429 7.94876727]
 [7.78281423 7.81142314]
 [8.13368303 7.61226565]
 [7.76217152 7.54039261]
 [7.9206721  8.07864325]
 [7.45383342 8.18101946]
 [7.70264324 7.74985115]
 [8.13688149 7.89047441]
 [8.0073653  7.91226371]
 [8.10718818 7.85844589]
 [7.60941924 8.1435252 ]
 [7.82270746 7.7739755 ]
 [7.6652182  7.9972651 ]
 [8.14173804 7.93495417]
 [7.5853848  7.64122295]
 [7.70684343 7.79901067]
 [7.68312001 7.71064077]
 [7.499515   8.2285459 ]
 [7.81676323 8.30303579]
 [8.16199965 7.98944821]]
Average High Budget Comp:     6.789113317426974 \pm 0.06939044327390236
Average Low Budget Comp:      4.875139446078785 \pm 0.05717243055673682
Individual High Budget Comp:  6.789113317426974 \pm 0.10743632006185504
Individual Low Budget Comp:   4.875139446078785 \pm 0.1428824210710096
Budget for limited:           [10.         10.19265644 10.38251625 10.5720055  10.75470224 10.93892322
 11.11085147 11.29896205 11.4858646  11.68274959 11.87367517 12.05304758
 12.25154644 12.45217942 12.6648176  12.85358633 13.04723121 13.25442953
 13.45042365 13.65596026 13.85326898 14.04749802 14.25127965 14.45687732
 14.66515451 14.87513945] \pm [0.         0.01284137 0.01968513 0.0259185  0.03183783 0.03754094
 0.0429184  0.04827312 0.05347327 0.05875027 0.06401483 0.06911607
 0.07434908 0.07950268 0.08474703 0.09008645 0.09545071 0.10090153
 0.10607003 0.11151606 0.11677819 0.12181562 0.12690653 0.13240003
 0.1375824  0.14288242]
Points Used:                  [5.8264 5.972  5.9948 6.2092 6.3414 6.3298 6.5092 6.6934 6.73   6.9594
 7.067  7.1324 7.2188 7.3832 7.5632 7.6244 7.8466 7.9544 7.9888 8.2132
 8.3724 8.589  8.588  8.7574 8.7396] \pm [0.07148743 0.07151189 0.07344522 0.07680117 0.07912793 0.08029894
 0.08276454 0.08567598 0.08778481 0.09159452 0.09403144 0.09798616
 0.1003632  0.10240267 0.10514667 0.10908496 0.11237851 0.11510632
 0.11818223 0.12209446 0.12613911 0.13063684 0.13196334 0.13743205
 0.13833488]
Rounds:                       [11.074 11.291 11.606 11.334 11.591 11.62  11.52  11.457 11.279 11.772
 11.502 11.479 11.43  11.387 11.458 11.292 11.189 11.233 11.521 11.289
 11.208 11.261 11.25  11.467 11.323] \pm [0.39928488 0.43428186 0.39972836 0.41368745 0.41527825 0.41863141
 0.40866635 0.42531617 0.39323852 0.43043321 0.42695619 0.40301508
 0.42698815 0.4277977  0.43152166 0.40849304 0.40509591 0.41391149
 0.41691167 0.39847084 0.39892012 0.40677853 0.41174697 0.4186833
 0.4265001 ]
Avg diff:                     [0.10237346 0.09863507 0.09802459 0.09646407 0.09514245 0.09958149
 0.09556871 0.09902851 0.09717056 0.09475282 0.09533681 0.09565642
 0.09930077 0.09681174 0.08952724 0.09954847 0.09615058 0.09618317
 0.09487382 0.09804944 0.10118497 0.09861895 0.09655317 0.09344032
 0.10010726]