diff 0.7293670735976385

p_true 0.07754442413277499
E[p]     0.03980099502487562
true prices -2.556904292231128 -0.08071606046849429
exp  prices -3.285173805264302 -0.04071800508067391

beta params 8.0 193.0


1.0 1.0
2.0 5.0
3.0 9.0
3.0 14.0
4.0 18.0
4.0 22.0
5.0 26.0
5.0 29.0
5.0 34.0
5.0 37.0
5.0 42.0
5.0 46.0
5.0 51.0
5.0 51.0
6.0 55.0
6.0 55.0
6.0 60.0
6.0 60.0
6.0 65.0
6.0 65.0
6.0 70.0
6.0 70.0
6.0 75.0
6.0 75.0
7.0 79.0
7.0 79.0
7.0 84.0
7.0 84.0
7.0 89.0
7.0 89.0
7.0 94.0
7.0 94.0
7.0 99.0
7.0 99.0
7.0 104.0
7.0 104.0
7.0 109.0
7.0 109.0
7.0 114.0
7.0 114.0
7.0 119.0
7.0 119.0
7.0 124.0
7.0 124.0
7.0 129.0
7.0 129.0
7.0 134.0
7.0 134.0
7.0 139.0
7.0 139.0
7.0 144.0
7.0 144.0
7.0 149.0
7.0 149.0
7.0 154.0
7.0 154.0
7.0 159.0
7.0 159.0
7.0 164.0
7.0 164.0
7.0 169.0
7.0 169.0
7.0 174.0
7.0 174.0
7.0 179.0
7.0 179.0
7.0 184.0
7.0 184.0
7.0 189.0
7.0 189.0
8.0 193.0