0.13520648509580996
0.35560955823448354
0.0355505829867028
0.19601869988176476
0.03112896158510301
0.17076278508999992
0.024862328124302596
0.10354366482038052
0.01880057425317439
0.08424303046068692
0.025542242024292776
0.07146885742403498
0.016412494640414492
0.0583168479421009
0.014575643888982014
0.056800630260316495
0.008361212672670515
0.03342400202073203
0.011573451457099425
0.048010312053726446
0.0035284580354138406
0.045221935904714225
0.013005083336874706
0.019670463687979013
0.007329682129636027
0.029708932690528485
0.0034264346272989844
0.03173413952836321
0.009497932715281113
0.027355376493083682
0.00905480973047528
0.01467555196408342
0.006493918016998935
0.02590540777309174
0.003321422068801502
0.013577095507785405
0.005572510930456595
0.02022198111315741
0.00849698930978256
0.016837905601998167
0.004225710989327543
0.01574816563419505
0.004106205709132301
0.03230239033975153
0.001991496527032963
0.0273478782674328
0.002756030831845839
0.00945471517020703
-0.0006716947949673191
0.022197849841440288
0.007079467616305364
0.024104120291510513
0.0033196024263342128
0.019781459327100175
-0.0005520422994774348
0.011622157572307966
0.003413388976070075
0.012838442581748525
0.0018983738179168144
0.021612604715155637
0.0042615129913465616
0.01259673464515775
0.00044101322014548764
0.014852900624275014
0.0034661481500448134
0.011865267020212702
0.005408332730980316
0.013463864559870196
-0.00022582958877190315
0.010484706657846479
0.003624911632835703
0.012030197387036336
-0.0006710503664448074
0.008008404317323295
0.0037015082712060494
0.007991493499345111
0.0014874009403371624
0.012232457458376225
0.004023715604451083
0.009471133749937091
0.0018589638312779021
0.013097700228666334
0.001495001767201029
-0.00021762176173696022
0.0002948249703572055
0.008469731216290128
0.003059491138690433
0.009233839710069204
0.003967368193433599
0.010146442405327204
0.0010785931649604432
0.008199885375337458
0.0020701283249323025
0.005744397494433027
0.00027492854174432737
0.014644125143980355
0.003348048025905474
0.007715028223874951
0.0036800118299243245
0.008218489637543748
0.0021030230406351657
-0.00048142166413081436
0.003192347685402481
0.00667366441477936
0.00012163872809042015
0.0023772808754998222
0.00242619719984643
0.014643980400699244
-0.00027661525488947657
0.010849964669370297
0.001483960119375438
0.006630130501503369
-0.0003438813510162847
-0.0007829176231899027
0.00195615665555106
0.008015026712328519
-0.00014380385355373154
0.006527118554743846
-0.0016461508258355407
0.004774676933401948
0.004045249845292929
0.010627575648339603
0.0013322838321549646
0.007042677969523815
-0.0030264026606894668
0.0067741379173244486
0.002196615257237177
0.008334178391033962
0.0016329580873464778
-3.587728557584935e-05
0.003912228609788289
0.010505806387149402
0.00409009864638529
0.0035697577159322785
0.0031109187052365157
0.004094532663903505
0.0013949688216213791
0.004941679688225455
0.0005063634335313587
0.003365520613859551
-0.00027738344769536567
0.004827713147204821
0.001157136753964323
0.0021241382497816153
-0.0006409210862296307
0.0006362140048299205
0.002916621535413188
-0.0023539132272590788
0.0036971560300939348
0.006799176038316615
0.0007088205603377261
0.007474179711964966
0.001442594373790433
0.004117685630854693
0.00035989214447146827
0.00554131933520884
0.0053196923991557
0.005176796973015286
0.001320050225978565
0.009154652674468439
0.00164121613801254
0.00711372631174306
6.927539998962572e-05
0.006965964529408319
0.0034848597239007036
-0.0007121427315601123
-0.00131678171054186
0.0033004402028571703
-3.0046899768521696e-05
0.005619218704004717
0.00045481234243322064
0.002105699424349811
0.0010361400407229604
0.010406145911654579
0.0008084793857135742
0.008063099251794973
-0.0013426335445555788
0.0015733923316454646
0.0007067759487795563
0.0049335360584301675
-2.9110118698393373e-05
0.00568783993509484
-0.0001345937761659593
0.0036831053267586352
8.821633078522032e-05
0.005593398996299215
0.000962458859469688
-0.0036941138833207544
-0.0015766447981684078
0.003789047777600382
-0.0006690823975587536
0.00450081001397818
0.0006380830787457644
0.004371494979130708
0.0012998086872732528
0.0017559606917154004
0.002560287846944995
0.006640858332081239
0.00028816817603031787
0.0010226209176033493
0.0017610674441171858
0.010400414844122106
-0.0009155300262102016
0.0023361584487354456
-0.000971716403807643
0.0022159234719513463
0.001909196879002279
0.0008958779102237843
0.0013000477575427988
0.0037728907885076616
0.003247028471450189
0.005919659287959632
0.0005055539200624288
0.0023783082832210894
-0.0008283933621879191
0.003664672077053981
-0.0006157029026702298
0.0020174190533868235
0.0007325859506826942
0.0017848847408461353
-0.0007536679516168471
0.0003550007712753116
0.00011879349555099982
0.0008054967800578213
0.001166460661016368
0.002402764496564024
-0.0006552449186458689
0.0041154395650982245
0.0002647627459509805
0.00010702021460648412
0.0013245997835317762
0.004698323851134774
0.000567683848663327
0.005821692312095287
-0.0002159584229003413
0.006930154489957923
0.0005087085336050744
0.001642286209949085
0.0008862676033370102
0.003913599727483448
0.0005711676333253812
0.0041338918629369665
-0.0014600700881776956
0.004611047547749851
-0.0007519301754631698
0.00691044703932252
0.0006178257245870917
0.006956050897981051
-1.6568131656525035e-05
0.00119172453899507
-0.0021242778754048818
0.00404272123492577
0.001698780062362666
0.004158963038660136
0.002256507390819035
0.009176780196790248
0.0023424514108880447
0.007077108298596208
0.001351497515755012
0.005256561215094869
-0.0007439599608361398
-0.003457181298403973
0.001347035599831615
0.005658337716828337
0.0011111737961310756
0.003707722754594131
0.001339693405675662
0.004998916370337622
-0.0005051021040209478
0.0032847939807006937
0.0008885495981463076
0.0070573700690398115
0.0015499961978419343
0.0017682367359639632
0.0011001404151576289
0.0043424390064993245
0.0017571367229990715
0.0009680823684457332
0.0005891191993684493
-0.0009487631968463817
0.0002103100296599542
0.007083352203568767
0.0002550937083635006
-0.0013035212808405444
-0.00046217824744102654
0.0013819013213949528
0.00038131384849711923
0.00808649380437564
0.0024169520150024272
0.004883154939407661
0.00042762281917136237
-0.0029323177678441787
-0.0010052677366891927
0.006638629001327362
0.0012068751145498638
0.002365043946852113
0.0020110560571099598
0.004041143021133557
0.0028332454242090397
0.0043686550109562836
0.0003508106992205893
0.0017008937506975074
0.000665361260542022
0.0008656643532882946
0.0016633459895872837
0.002952257946861654
0.0009362404014715954
-0.00035598728398736584
0.0014776620494064761
0.003006336589026797
0.0009434421287435889
0.0020334293438413063
-0.000445090437257254
0.0041305279214090196
0.0015895947980711423
0.0025028603748263904
0.0022957876892068527
0.003227752262596576
0.0013101470985357377
0.0037486365012117397
-0.0005943012322318249
0.005527711648358796
0.0009134223431348196
-0.00216480958819518
0.0005365994967668371
0.003498102971301676
-0.0002174306437160193
0.003815924481685331
0.0008106024700212568
0.0014395127237758184
0.0020391047041835985
0.0015156059838736034
-0.001153837292686683
0.004415552900492894
0.001066840707926302
0.004386680778449987
-0.0007191883607101375
0.003911895688258205
0.0003125170874769075
-0.0029523365054229243
-0.0002485504134880547
-0.006100646499667911
0.001449243415582217
0.0008532600529251867
0.0002109833046555808
0.004834522013356572
-0.0018054493842817587
0.0023543599594241034
-0.0019473744082241019
0.0016911818621023517
0.00045357978439575854
0.006538844424488422
-0.0004898844234405731
0.0014934325481148285
0.00016716931251529462
0.00820938523381423
0.0011135765114260886
0.002698032572742623
-0.0003447406453427471
0.0006450819173651781
-0.002037361922047299
0.003719423578967246
0.000386350637872037
0.00462077550268165
0.0014013674959088627
0.0008132051736741732
0.00037134953009352006
0.002231444969267944
0.001152217986888183
-9.051377882237114e-05
-0.0018309742195383042
0.0024350589857106532
-0.00017612237437078951
0.002439226929382098
0.000706979904673863
0.0005565498410701794
0.0014103786222187567
0.003942318428352014
-0.0013283669589049117
0.0021311946764386762
0.0004640622802186082
-0.0010625536709971974
-0.0011720953170387992
0.0005285594187445372
0.002432403634524308
0.0030807279803527683
0.0010987484110117605
0.004352131252890149
-0.0020327597462956527
0.003222825786919234
0.000580446767507044
0.00035087628296846064
0.0012909016005733848
0.001871490995032495
0.002941324476647629
0.0031436765651916827
-0.0005990736818817649
0.0016157650117210472
0.0010959903482617595
0.00019318294896872835
0.0012805946669890169
-0.0017467076635786457
-0.0006698588435136402
0.0017989822848348482
0.0003462747927152372
0.0053153033604642665
-7.397389344027153e-05
0.002854269748592063
-0.0003549998752188123
0.0011678036768150261
0.0014118907657548615
0.0016771723021287998
0.00048561978005787546
-0.0025674118588799202
-0.0005903270223400371
0.002768697996016962
0.0002567309023882537
0.001178206209426036
0.0004953010449146601
0.0011572759709628114
-0.0005384985014841475
0.002403832524783214
0.0013504224067484997
-0.0013544485629336355
0.002351130441308786
0.0045112699127210125
-0.0010206084662313284
0.003542975191402187
-0.00021880655741917605
0.0030863363281445066
-0.002402638539081439
0.0003811242588678676
-0.0009044969873820026
0.002266528052934216
-0.000858997038298753
6.59239786339601e-05
0.00039382756831754685
0.0025179434498323735
-0.0002570011601446561
0.0022996963230935024
0.0005671981435731296
0.0016067116782437039
9.859403919423831e-05
-0.0019020760144591539
0.0015868532079604614
0.0021786583662655066
0.0009781377096416011
0.003091229224234623
0.0022724304386454136
0.0041187733435464864
0.0007429665267630951
0.00023652763132117345
0.0009023650368299452
0.0012635583071071324
-0.0009894192165374649
0.00021398067782490656
0.0013437113107884029
0.004318697615863791
0.0003470110241943322
0.0007159193227790177
-0.000993818374335909
0.0019985266316396777
0.0006803463725768345
0.0024622059023464717
1.3799224042337797e-05
0.0019968222863256716
0.00044203368514335057
0.0031570147354560087
0.0024501968341084004
0.001544121380207334
-0.00015153975635328977
-0.00042877010908341133
0.0009698545104480736
0.0027896465710045477
0.0009481322882233664
0.0013738207527411541
0.0003099706230730104
0.001026286223630004
-0.0006900443757324433
0.0019545417311632035
0.0005203995645600202
0.006098039238962983
0.0007368249228612697
0.0026276585465945393
0.0010428505180041583
0.003414167190532566
8.758578367328399e-05
0.0030705868935000206
0.0011002786129364975
0.003982020464483916
0.0008424322176480377
-0.0027614303238908938
0.0008995634497543697
5.028450261345877e-05
0.00046245324768658753
0.0011578927573171062
3.019043610113913e-05
0.001448855888065289
0.0010749825857086798
0.0005046559329681444
0.0010253993590085757
0.004020630110499519
-0.0007006329514667241
0.0026529237673159406
-0.0006668256306952494
0.0036281466749392647
0.0010292074642757323
0.0015504897013867668
-4.320270850987279e-05
0.002740387845248398
-4.104090939966414e-05
0.0009717280704264837
-0.00015281253367245256
0.0006739342515450079
-5.6876843974497794e-05
0.0037409730756319476
-8.930009032070543e-05
0.0004961454989061713
-4.1724305535928876e-05
0.0064683161025049524
0.0006325542312334415
0.0021725951864616346
0.0005898508036034733
-0.00026921486658226427
0.0004806781752324861
0.005790635010651259
8.448657834826921e-05
0.002196060922988411
6.484840745774701e-05
0.0035686571590186765
0.00016631477260530903
0.002482980439827447
0.0008612948253298925
0.003288490384063679
0.0010621666584561059
0.004342814419439855
-5.83240666745203e-06
0.001658534934074666
0.0005457778300453516
0.0021642345310094032
-0.0019190938461497082
-0.0003214111223184355
0.0009242348755191421
-0.0012725320513378127
0.0008184689594721106
0.0015240724680552764
0.001111865639976837
0.00259693420185237
0.0008824222338722901
0.002102960920302409
-0.0007670855745845664
0.0013227906234874198
0.00044953433600848104
0.0004342923756656073
-2.044386374311225e-05
0.00403010413846648
-4.8255409452324156e-05
0.002518331792649258
-0.00014147425657125499
0.0007907463914036641
0.0009527678691998139
0.0019184958312701316
0.0006441256299607249
0.00039680911265060236
-0.00017591463923879086
0.002194156214314779
-0.0004648461846504629
-0.00048743306773555106
6.015599604973284e-05
0.0016211238926280408
-0.0006196508629093868
0.0002120638542591275
0.0006543825390352478
0.0024452369008645335
0.0012641434249419646
0.003840165087204789
0.001521899685590081
0.0027194733946538548
-0.0006275551596227267
0.0018233658605003
-0.00017957540965274403
-0.0009142441545746673
0.0005857122116421388
-0.00027106087664853507
0.0005977637771710199
0.0040237931083182184
-0.0016478443497724834
0.00526059027616313
0.000356094376550952
0.004697329604798716
-0.001582536223726088
0.002300886935893862
0.000851877942990183
0.001375866874763276
0.001012711683703183
0.00036502190553407344
-0.00023802477308146382
0.0010507026315023534
0.00044298206609951044
0.0013155379189147473
6.117786839740676e-05
0.0021061159083113766
0.0002665500824924747
0.0008990708851351925
0.0007263717451615941
0.0018142613647349338
0.0004156199143221499
0.0006222410139140946
0.0009134028012548212
0.0021351834812441913
0.0012747936295839102
0.00021829482736985243
-6.011006715910475e-05
2.977761833951623e-05
0.0011406648741655318
0.004938626040861798
0.0014721486539060968
0.0001742905499495576
0.0008032110861749099
0.0027391611876679024
0.00046047742164391536
0.0012106441905538209
9.105534806447175e-05
0.0006708765321022363
-0.00011380750266757993
0.00032416191464383555
0.0001383210977451248
0.0020553748787677083
-0.00019083711161530225
0.003227264906672454
0.00017972853832368702
-0.00048443060508651865
0.0009563323321494548
-0.00019357108656024359
0.0013569471070333551
0.003954527857198837
0.0015381780918388623
0.00044478389127735826
-0.0009675083542402104
0.0004299751532375823
-0.00032584641051698057
0.0010020857065008272
-0.000543700347583946
0.0018273833718552702
0.0001777358074449587
0.0010960613095800282
0.0004256905190642358
0.0013312938191828297
9.179127622829465e-05
0.0008839787625193011
0.0009747762837611756
-0.0011863319186426148
0.0009533895152287152
-0.0013907772319103492
0.00039422507251305285
-0.0008461364169701322
-7.730196635411702e-05
0.00115416396266585
0.00022279331858527979
0.000755583248945412
-0.0012799046132733654
0.0008514501947276703
-0.00028470620196052656
0.004251610521702601
0.0005483006849391747
0.003753348066495314
0.0006384244128582374
0.001822097014348894
3.4593013050506164e-05
0.001133085939352849
0.0009825069359975676
0.0018584916742801021
-5.161798681141735e-05
0.0004995522502365239
-0.001158828410223507
-0.000764792777793969
0.0010712512079414861
0.0006081398236862897
-8.547697034219027e-05
0.0012096936636349644
6.601814402995648e-05
0.0013709130144871347
0.0006009437932091792
-6.17239680083257e-06
0.000918816355375373
-6.494593693704255e-05
5.746534640230333e-05
0.0022116007593709877
-0.0002847736744523726
-0.0030064940169162893
-0.0007564038063891277
0.002111713106663942
-0.00022894741610098382
0.0024460835776839184
0.000319818974886428
0.000493918592005587
-0.0014923072043401702
0.0027869430814066094
-0.0003798771100823005
-0.0007725503245680468
0.0008750776469292746
0.001376971809505015
-0.0005912327160936675
0.0006216012859555177
0.0008794359512006019
0.002873307927374478
0.0007679087006927011
0.0005467801657664251
0.0003222808857613532
0.0008127950676991786
0.000310235387280815
0.0015100566936167646
0.0005026072516376021
-0.0004329955703537588
0.0006952851308678308
0.000605248908926049
-0.0012715140473906852
0.0015176488509795667
0.0004971807940204285
0.0017263901565440713
-0.0010691898517818138
-0.001156401912089239
0.0008466199065948836
0.0012918739138504899
0.0007312344053065026
0.0015969270270188543
6.784700103264217e-05
0.00157561177269475
0.00045554292130863254
-0.00013896815098081355
0.0004255367370863217
0.0009801475921646515
7.795955818488258e-05
-0.00012116352297703016
0.0003102778264912354
0.0029585164915914572
0.00045523642601912447
0.0029625015681717737
-0.0006269801223731811
0.0017372564111890981
-0.00010884046473950783
0.00027994845266587356
0.0003028458304453757
0.003766061417591137
0.0006735532208946169
0.0004420263592130613
8.349992621981982e-05
0.003658223824945903
0.0005379133195372019
0.00428008268208252
0.0008841495331297123
0.0005891252759138897
-0.0002629987460364943
0.0019629184901528364
-0.0003238039342021427
0.002745831665615579
0.000289810187775691
2.7382856679503313e-05
-0.000119923847610818
-0.001422478673134391
0.000613742176678049
0.004903964492352452
0.00030807687176871425
0.0005444748443266897
0.0007144054091416437
0.0018966333012418715
-0.0005761424821350029
0.002575162899139359
0.00033872329440045175
0.004381745794480125
-0.0010453891275182922
0.003900435672951791
0.0003054632785983889
0.0009985886754603273
-0.0006622318529567854
-0.0002469730721653646
0.0010062325811943636
0.0009087927920031757
-0.0008936153412008407
0.00018748865677384227
0.0021766058430109374
0.00011993095221048604
-0.00021249606756891027
0.0011470465299237686
0.00031329638908043895
0.0016194646008898788
-0.0007321502316669285
-0.001733978128297124
0.0007691549015149113
0.000916406027967895
0.00017119031435528816
-0.0008362172654819981
0.0018584649100997657
-0.0013890201194016196
0.0007224367148655069
3.4744912465180404e-06
-0.00019010478733315006
-0.0024774373723740117
-0.0013521545268628335
0.0010699776209312116
-0.00038103761079202967
-0.0017858304848561827
0.00022060512024332446
0.0008287049905122882
0.00014432670699731623
0.001948500452893606
0.00018244827989151989
0.0024903101857361248
0.0008082133352168575
-0.0001960651229115174
0.0002301050267149907
-0.0011708535363182098
0.0005905509698221879
0.0026882742143147734
0.001298731321204138
0.001744840933420257
-5.536675838198075e-05
0.00010384205701897484
0.001327197179543597
-0.0014650794296232686
-0.00018650754745639766
-0.0013834572221128332
-0.00020877731854499165
0.0012035198079694159
-0.0006736021515375726
0.000808493473414933
-0.0010096728087085464
0.0014649851828020702
0.000659276026886872
0.002077737283259515
0.0005617608072426068
0.0002900445954270821
-0.00021120781308423068
0.001085789383358084
-0.00039172633164848066
0.0020586012017203737
0.001288478568036732
0.0011756905128227281
0.00010515897279746208
8.60040635980493e-05
0.00027558953397374344
0.000514890518537324
0.001558374017006156
0.003363917297490088
0.0004517962290762236
0.0032106212279152464
0.00043731346316805544
0.0016342468072189401
-0.0012446380773453003
0.0010669228050879456
-0.00025807015049985455
0.0010799839019384164
3.982530348156571e-05
0.001900503972073262
0.00020590651978219982
0.0013052088174588363
0.0006352137695198165
-0.00011182970694587723
0.00045251155552057616
-0.0017951060359312266
0.0007515264423524116
0.0023499921311722215
4.5103504499590946e-05
0.002204194430375271
0.0005027410408622716
0.00021060343570106118
0.0003288828754615391
0.0019813945621438268
0.0007433244098014747
0.001930019052549509
0.00015654723889936404
-0.0008932831109223053
0.0010050322593709664
0.0021738657936722083
-0.0002702629752393222
0.0008493611011500304
0.0010843073918528623
0.0024597107270193175
0.0004819858804550479
-0.00030035611261957024
-0.0004643878376316321
-9.87625975683404e-05
0.0006241714838892756
0.001387498659927704
0.0005933885945416272
0.0016101687875243458
0.0007345831680277308
0.002184576685857117
0.00017348344378945347
0.0031112213589849424
0.0013675954620029122
-0.00011964610471836278
0.00029937194027782277
-0.0002127999428006382
0.00028612542585391493
0.000797302015740451
0.00020031977674632608
0.0009306195706792684
4.970641480047307e-05
1.2664418150980712e-06
0.0007120861778700131
0.0018981248520703355
0.00016392351953859212
-0.001518108334554407
-0.0007280746347212535
0.0022118136594254487
-5.0436062517957746e-05
0.0009240870985767452
0.0017106139094239788
0.0001351845827457471
-0.00035896238360667794
-0.00044863337035324665
-0.0013354632611659717
0.0015752416205905633
0.0005429891710558586
0.0014305597746655547
-0.0007730008767549987
0.0015826486038977153
0.0007424411090954051
0.0020326765213808987
0.00023553912932122956
0.002445855093030668
0.0008213607087692012
0.0044477932913323925
0.00019534882679101418
0.0026157635454942332
0.0004967151443126361
0.0031006420919164005
0.0006084210787313426
0.003749948045104968
-6.909942281814467e-05
-0.0009613563663646575
-0.000332330446010722
0.0030900900124514095
0.00099278480601977
-0.00035966770104897656
0.001091198688923149
0.0014008202380676414
0.0005098520596993053
0.0013604531792790534
-0.00037414304316728026
-0.000286042481446661
-5.433136047664762e-05
0.0009927461828032047
-0.0002656137354230614
-0.0009166872201691716
0.00012580601068387157
0.0013401225640480656
0.0010061730277496437
-0.0009394145424848113
0.00108057901820817
0.0023969565061087296
0.0010689230637291765
0.0019004453413188746
-0.00040112868992307234
-0.00276458603853439
0.00033442803117523774
0.0004193102319895468
0.0007484394450288219
6.485089759380475e-05
0.0005268776896215498
0.0003983396936779762
-0.0005632870718989346
0.00020449200419712585
5.1112848551934835e-05
0.003181939045454133
0.00041627775455759414
0.0019050185019306954
0.000685432375425851
0.001403670134251916
0.0013585167307909958
0.001742495889388997
-0.0009565260792407593
0.0014270307591789666
0.0005175671482488348
0.0004105709869164874
0.0007694553989006323
-0.0010206128851753685
-0.00010948228701108987
0.0007833820925385087
-0.0001877161959812417
0.000396697495631322
0.0012495818317930377
-0.0001698242588998221
-0.0006111417951989576
-0.00079052293229753
-0.0001257443644052475
-0.0001546626470282703
-4.8570101437145986e-05
0.0025459060898098676
0.000675191611248855
-0.00027758770679874386
-0.0003020366716142987
0.0009927961073289413
-0.0012906591270205262
0.0005314676727097943
-7.970991128670682e-06
0.0017696770054539594
-0.00011754677109865226
0.0004740412351949557
