[alpha, beta]
[1. 1.]
[1.754 1.246]
[5.501 2.499]
[6.252 2.748]
[9.951 4.049]
[10.707  4.293]
[14.458  5.542]
[15.198  5.802]
[18.954  7.046]
[19.699  7.301]
[23.396  8.604]
[24.178  8.822]
[27.91 10.09]
[28.677 10.323]
[32.45 11.55]
[33.221 11.779]
[36.979 13.021]
[37.738 13.262]
[41.484 14.516]
[42.238 14.762]
[45.962 16.038]
[46.693 16.307]
[50.46 17.54]
[51.217 17.783]
[54.943 19.057]
[55.693 19.307]
[59.428 20.572]
[60.194 20.806]
[63.904 22.096]
[64.651 22.349]
[68.354 23.646]
[69.098 23.902]
[72.855 25.145]
[73.591 25.409]
[77.298 26.702]
[78.068 26.932]
[81.808 28.192]
[82.562 28.438]
[86.258 29.742]
[87.031 29.969]
[90.824 31.176]
[91.554 31.446]
[95.284 32.716]
[96.025 32.975]
[99.71 34.29]
[100.486  34.514]
[104.192  35.808]
[104.925  36.075]
[108.612  37.388]
[109.359  37.641]
[113.077  38.923]
[113.809  39.191]
[117.627  40.373]
[118.347  40.653]
[122.086  41.914]
[122.85  42.15]
[126.618  43.382]
[127.351  43.649]
[131.087  44.913]
[131.858  45.142]
[135.601  46.399]
[136.377  46.623]
[140.117  47.883]
[140.849  48.151]
[144.623  49.377]
[145.388  49.612]
[149.16  50.84]
[149.905  51.095]
[153.671  52.329]
[154.411  52.589]
[158.123  53.877]
[158.879  54.121]
[162.604  55.396]
[163.36  55.64]
[167.123  56.877]
[167.885  57.115]
[171.637  58.363]
[172.375  58.625]
[176.139  59.861]
[176.866  60.134]
[180.582  61.418]
[181.332  61.668]
[185.09  62.91]
[185.84  63.16]
[189.661  64.339]
[190.392  64.608]
[194.096  65.904]
[194.872  66.128]
[198.584  67.416]
[199.343  67.657]
[203.124  68.876]
[203.861  69.139]
[207.573  70.427]
[208.326  70.674]
[212.075  71.925]
[212.826  72.174]
[216.607  73.393]
[217.376  73.624]
[221.144  74.856]
[221.901  75.099]
[225.688  76.312]
[226.417  76.583]
[230.171  77.829]
[230.919  78.081]
[234.645  79.355]
[235.41  79.59]
[239.161  80.839]
[239.919  81.081]
[243.685  82.315]
[244.425  82.575]
[248.162  83.838]
[248.896  84.104]
[252.635  85.365]
[253.367  85.633]
[257.095  86.905]
[257.835  87.165]
[261.563  88.437]
[262.305  88.695]
[266.106  89.894]
[266.88  90.12]
[270.602  91.398]
[271.353  91.647]
[275.127  92.873]
[275.866  93.134]
[279.609  94.391]
[280.367  94.633]
[284.118  95.882]
[284.893  96.107]
[288.598  97.402]
[289.367  97.633]
[293.089  98.911]
[293.827  99.173]
[297.602 100.398]
[298.351 100.649]
[302.126 101.874]
[302.885 102.115]
[306.649 103.351]
[307.42 103.58]
[311.166 104.834]
[311.935 105.065]
[315.714 106.286]
[316.449 106.551]
[320.184 107.816]
[320.954 108.046]
[324.687 109.313]
[325.437 109.563]
[329.136 110.864]
[329.886 111.114]
[333.648 112.352]
[334.39 112.61]
[338.166 113.834]
[338.923 114.077]
[342.626 115.374]
[343.374 115.626]
[347.107 116.893]
[347.875 117.125]
[351.638 118.362]
[352.378 118.622]
[356.069 119.931]
[356.822 120.178]
[360.554 121.446]
[361.313 121.687]
[365.039 122.961]
[365.756 123.244]
[369.498 124.502]
[370.25 124.75]
[374.044 125.956]
[374.798 126.202]
[378.586 127.414]
[379.337 127.663]
[383.105 128.895]
[383.848 129.152]
[387.586 130.414]
[388.336 130.664]
[392.069 131.931]
[392.801 132.199]
[396.519 133.481]
[397.255 133.745]
[401.019 134.981]
[401.755 135.245]
[405.513 136.487]
[406.255 136.745]
[410.012 137.988]
[410.757 138.243]
[414.495 139.505]
[415.226 139.774]
[418.96 141.04]
[419.685 141.315]
[423.369 142.631]
[424.109 142.891]
[427.929 144.071]
[428.688 144.312]
[432.454 145.546]
[433.206 145.794]
[436.948 147.052]
[437.698 147.302]
[441.443 148.557]
[442.203 148.797]
[445.989 150.011]
[446.745 150.255]
[450.533 151.467]
[451.272 151.728]
[455.068 152.932]
[455.816 153.184]
[459.522 154.478]
[460.27 154.73]
[464.005 155.995]
[464.739 156.261]
[468.5 157.5]
[469.238 157.762]
[472.996 159.004]
[473.754 159.246]
[477.505 160.495]
[478.277 160.723]
[482.024 161.976]
[482.741 162.259]
[486.495 163.505]
[487.25 163.75]
[491.016 164.984]
[491.77 165.23]
[495.526 166.474]
[496.26 166.74]
[499.968 168.032]
[500.73 168.27]
[504.433 169.567]
[505.165 169.835]
[508.959 171.041]
[509.696 171.304]
[513.429 172.571]
[514.178 172.822]
[517.911 174.089]
[518.664 174.336]
[522.437 175.563]
[523.191 175.809]
[526.924 177.076]
[527.683 177.317]
[531.455 178.545]
[532.189 178.811]
[535.942 180.058]
[536.671 180.329]
[540.46 181.54]
[541.204 181.796]
[544.968 183.032]
[545.718 183.282]
[549.483 184.517]
[550.222 184.778]
[553.918 186.082]
[554.665 186.335]
[558.432 187.568]
[559.179 187.821]
[562.934 189.066]
[563.691 189.309]
[567.421 190.579]
[568.182 190.818]
[571.881 192.119]
[572.609 192.391]
[576.392 193.608]
[577.121 193.879]
[580.897 195.103]
[581.625 195.375]
[585.362 196.638]
[586.113 196.887]
[589.847 198.153]
[590.599 198.401]
[594.334 199.666]
[595.102 199.898]
[598.885 201.115]
[599.643 201.357]
[603.403 202.597]
[604.138 202.862]
[607.869 204.131]
[608.613 204.387]
[612.368 205.632]
[613.108 205.892]
[616.876 207.124]
[617.623 207.377]
[621.37 208.63]
[622.12 208.88]
[625.851 210.149]
[626.601 210.399]
[630.387 211.613]
[631.123 211.877]
[634.894 213.106]
[635.657 213.343]
[639.395 214.605]
[640.149 214.851]
[643.905 216.095]
[644.665 216.335]
[648.399 217.601]
[649.139 217.861]
[652.857 219.143]
[653.61 219.39]
[657.347 220.653]
[658.11 220.89]
[661.859 222.141]
[662.632 222.368]
[666.369 223.631]
[667.114 223.886]
[670.888 225.112]
[671.629 225.371]
[675.409 226.591]
[676.162 226.838]
[679.89 228.11]
[680.645 228.355]
[684.411 229.589]
[685.151 229.849]
[688.895 231.105]
[689.666 231.334]
[693.389 232.611]
[694.155 232.845]
[697.888 234.112]
[698.636 234.364]
[702.406 235.594]
[703.151 235.849]
[706.817 237.183]
[707.571 237.429]
[711.341 238.659]
[712.108 238.892]
[715.898 240.102]
[716.655 240.345]
[720.422 241.578]
[721.171 241.829]
[724.93 243.07]
[725.677 243.323]
[729.426 244.574]
[730.177 244.823]
[733.913 246.087]
[734.651 246.349]
[738.472 247.528]
[739.22 247.78]
[742.951 249.049]
[743.69 249.31]
[747.452 250.548]
[748.211 250.789]
[752.005 251.995]
[752.75 252.25]
[756.54 253.46]
[757.255 253.745]
[760.979 255.021]
[761.744 255.256]
[765.464 256.536]
[766.249 256.751]
[769.944 258.056]
[770.698 258.302]
[774.45 259.55]
[775.188 259.812]
[778.901 261.099]
[779.622 261.378]
[783.432 262.568]
[784.174 262.826]
[787.907 264.093]
[788.66 264.34]
[792.403 265.597]
[793.148 265.852]
[796.902 267.098]
[797.653 267.347]
[801.391 268.609]
[802.149 268.851]
[805.89 270.11]
[806.645 270.355]
[810.413 271.587]
[811.138 271.862]
[814.878 273.122]
[815.64 273.36]
[819.376 274.624]
[820.123 274.877]
[823.861 276.139]
[824.623 276.377]
[828.34 277.66]
[829.119 277.881]
[832.865 279.135]
[833.63 279.37]
[837.352 280.648]
[838.092 280.908]
[841.828 282.172]
[842.6 282.4]
[846.318 283.682]
[847.076 283.924]
[850.805 285.195]
[851.544 285.456]
[855.273 286.727]
[856.012 286.988]
[859.793 288.207]
[860.529 288.471]
[864.308 289.692]
[865.06 289.94]
[868.779 291.221]
[869.535 291.465]
[873.303 292.697]
[874.049 292.951]
[877.859 294.141]
[878.6 294.4]
[882.329 295.671]
[883.06 295.94]
[886.803 297.197]
[887.561 297.439]
[891.377 298.623]
[892.115 298.885]
[895.856 300.144]
[896.629 300.371]
[900.403 301.597]
[901.167 301.833]
[904.855 303.145]
[905.618 303.382]
[909.396 304.604]
[910.143 304.857]
[913.907 306.093]
[914.651 306.349]
[918.378 307.622]
[919.129 307.871]
[922.874 309.126]
[923.631 309.369]
[927.338 310.662]
[928.072 310.928]
[931.832 312.168]
[932.577 312.423]
[936.333 313.667]
[937.102 313.898]
[940.874 315.126]
[941.627 315.373]
[945.302 316.698]
[946.039 316.961]
[949.803 318.197]
[950.54 318.46]
[954.276 319.724]
[955.044 319.956]
[958.779 321.221]
[959.536 321.464]
[963.328 322.672]
[964.09 322.91]
[967.844 324.156]
[968.602 324.398]
[972.342 325.658]
[973.089 325.911]
[976.834 327.166]
[977.556 327.444]
[981.32 328.68]
[982.071 328.929]
[985.813 330.187]
[986.57 330.43]
[990.28 331.72]
[990.998 332.002]
[994.726 333.274]
[995.459 333.541]
[999.239 334.761]
[999.981 335.019]
[1003.735  336.265]
[1004.482  336.518]
[1008.26  337.74]
[1009.005  337.995]
[1012.737  339.263]
[1013.48  339.52]
[1017.258  340.742]
[1017.994  341.006]
[1021.721  342.279]
[1022.457  342.543]
[1026.203  343.797]
[1026.965  344.035]
[1030.705  345.295]
[1031.452  345.548]
[1035.22  346.78]
[1035.957  347.043]
[1039.666  348.334]
[1040.441  348.559]
[1044.191  349.809]
[1044.947  350.053]
[1048.727  351.273]
[1049.488  351.512]
[1053.235  352.765]
[1053.982  353.018]
[1057.747  354.253]
[1058.505  354.495]
[1062.257  355.743]
[1062.991  356.009]
[1066.769  357.231]
[1067.523  357.477]
[1071.29  358.71]
[1072.035  358.965]
[1075.737  360.263]
[1076.482  360.518]
[1080.257  361.743]
[1081.026  361.974]
[1084.868  363.132]
[1085.636  363.364]
[1089.381  364.619]
[1090.121  364.879]
[1093.846  366.154]
[1094.601  366.399]
[1098.368  367.632]
[1099.135  367.865]
[1102.861  369.139]
[1103.587  369.413]
[1107.327  370.673]
[1108.085  370.915]
[1111.855  372.145]
[1112.597  372.403]
[1116.332  373.668]
[1117.109  373.891]
[1120.832  375.168]
[1121.591  375.409]
[1125.362  376.638]
[1126.103  376.897]
[1129.884  378.116]
[1130.632  378.368]
[1134.385  379.615]
[1135.134  379.866]
[1138.852  381.148]
[1139.63  381.37]
[1143.354  382.646]
[1144.116  382.884]
[1147.845  384.155]
[1148.568  384.432]
[1152.295  385.705]
[1153.032  385.968]
[1156.759  387.241]
[1157.515  387.485]
[1161.221  388.779]
[1161.967  389.033]
[1165.693  390.307]
[1166.436  390.564]
[1170.177  391.823]
[1170.929  392.071]
[1174.669  393.331]
[1175.405  393.595]
[1179.155  394.845]
[1179.908  395.092]
[1183.675  396.325]
[1184.442  396.558]
[1188.19  397.81]
[1188.955  398.045]
[1192.718  399.282]
[1193.472  399.528]
[1197.18  400.82]
[1197.908  401.092]
[1201.642  402.358]
[1202.375  402.625]
[1206.087  403.913]
[1206.845  404.155]
[1210.559  405.441]
[1211.317  405.683]
[1215.112  406.888]
[1215.869  407.131]
[1219.628  408.372]
[1220.408  408.592]
[1224.178  409.822]
[1224.947  410.053]
[1228.694  411.306]
[1229.42  411.58]
[1233.145  412.855]
[1233.879  413.121]
[1237.631  414.369]
[1238.367  414.633]
[1242.132  415.868]
[1242.883  416.117]
[1246.676  417.324]
[1247.458  417.542]
[1251.184  418.816]
[1251.936  419.064]
[1255.745  420.255]
[1256.491  420.509]
[1260.239  421.761]
[1260.983  422.017]
[1264.726  423.274]
[1265.49  423.51]
[1269.22  424.78]
[1269.987  425.013]
[1273.734  426.266]
[1274.483  426.517]
[1278.252  427.748]
[1278.999  428.001]
[1282.809  429.191]
[1283.559  429.441]
[1287.321  430.679]
[1288.077  430.923]
[1291.779  432.221]
[1292.532  432.468]
[1296.295  433.705]
[1297.041  433.959]
[1300.795  435.205]
[1301.536  435.464]
[1305.261  436.739]
[1306.024  436.976]
[1309.765  438.235]
[1310.532  438.468]
[1314.267  439.733]
[1315.023  439.977]
[1318.816  441.184]
[1319.558  441.442]
[1323.34  442.66]
[1324.078  442.922]
[1327.828  444.172]
[1328.603  444.397]
[1332.398  445.602]
[1333.137  445.863]
[1336.926  447.074]
[1337.7  447.3]
[1341.487  448.513]
[1342.208  448.792]
[1345.953  450.047]
[1346.708  450.292]
[1350.46  451.54]
[1351.23  451.77]
[1354.905  453.095]
[1355.652  453.348]
[1359.404  454.596]
[1360.172  454.828]
[1363.944  456.056]
[1364.677  456.323]
[1368.422  457.578]
[1369.157  457.843]
[1372.868  459.132]
[1373.6  459.4]
[1377.423  460.577]
[1378.186  460.814]
[1381.942  462.058]
[1382.697  462.303]
[1386.459  463.541]
[1387.245  463.755]
[1390.976  465.024]
[1391.685  465.315]
[1395.44  466.56]
[1396.18  466.82]
[1399.934  468.066]
[1400.686  468.314]
[1404.435  469.565]
[1405.17  469.83]
[1408.88  471.12]
[1409.629  471.371]
[1413.364  472.636]
[1414.125  472.875]
[1417.818  474.182]
[1418.57  474.43]
[1422.363  475.637]
[1423.096  475.904]
[1426.831  477.169]
[1427.573  477.427]
[1431.363  478.637]
[1432.11  478.89]
[1435.851  480.149]
[1436.584  480.416]
[1440.349  481.651]
[1441.098  481.902]
[1444.812  483.188]
[1445.572  483.428]
[1449.347  484.653]
[1450.098  484.902]
[1453.848  486.152]
[1454.595  486.405]
[1458.404  487.596]
[1459.163  487.837]
[1462.915  489.085]
[1463.686  489.314]
[1467.436  490.564]
[1468.186  490.814]
[1471.893  492.107]
[1472.639  492.361]
[1476.41  493.59]
[1477.16  493.84]
[1480.881  495.119]
[1481.629  495.371]
[1485.356  496.644]
[1486.117  496.883]
[1489.849  498.151]
[1490.603  498.397]
[1494.396  499.604]
[1495.159  499.841]
[1498.875  501.125]
[1499.625  501.375]
[1503.364  502.636]
[1504.12  502.88]
[1507.877  504.123]
[1508.607  504.393]
[1512.353  505.647]
[1513.107  505.893]
[1516.847  507.153]
[1517.599  507.401]
[1521.39  508.61]
[1522.135  508.865]
[1525.896  510.104]
[1526.646  510.354]
[1530.359  511.641]
[1531.106  511.894]
[1534.874  513.126]
[1535.643  513.357]
[1539.391  514.609]
[1540.132  514.868]
[1543.873  516.127]
[1544.622  516.378]
[1548.351  517.649]
[1549.119  517.881]
[1552.916  519.084]
[1553.663  519.337]
[1557.378  520.622]
[1558.128  520.872]
[1561.882  522.118]
[1562.639  522.361]
[1566.443  523.557]
[1567.174  523.826]
[1570.923  525.077]
[1571.646  525.354]
[1575.389  526.611]
[1576.149  526.851]
[1579.93  528.07]
[1580.647  528.353]
[1584.418  529.582]
[1585.187  529.813]
[1588.94  531.06]
[1589.702  531.298]
[1593.467  532.533]
[1594.211  532.789]
[1598.001  533.999]
[1598.736  534.264]
[1602.507  535.493]
[1603.259  535.741]
[1606.977  537.023]
[1607.723  537.277]
[1611.443  538.557]
[1612.181  538.819]
[1615.922  540.078]
[1616.665  540.335]
[1620.455  541.545]
[1621.195  541.805]
[1624.939  543.061]
[1625.668  543.332]
[1629.41  544.59]
[1630.153  544.847]
[1633.947  546.053]
[1634.715  546.285]
[1638.465  547.535]
[1639.216  547.784]
[1642.963  549.037]
[1643.716  549.284]
[1647.419  550.581]
[1648.163  550.837]
[1651.891  552.109]
[1652.633  552.367]
[1656.4  553.6]
[1657.158  553.842]
[1660.902  555.098]
[1661.655  555.345]
[1665.406  556.594]
[1666.149  556.851]
[1669.938  558.062]
[1670.701  558.299]
[1674.49  559.51]
[1675.229  559.771]
[1678.977  561.023]
[1679.724  561.276]
[1683.477  562.523]
[1684.243  562.757]
[1688.013  563.987]
[1688.769  564.231]
[1692.495  565.505]
[1693.238  565.762]
[1697.035  566.965]
[1697.782  567.218]
[1701.507  568.493]
[1702.255  568.745]
[1706.006  569.994]
[1706.759  570.241]
[1710.555  571.445]
[1711.328  571.672]
[1715.086  572.914]
[1715.83  573.17]
[1719.57  574.43]
[1720.339  574.661]
[1724.11  575.89]
[1724.866  576.134]
[1728.671  577.329]
[1729.422  577.578]
[1733.166  578.834]
[1733.923  579.077]
[1737.695  580.305]
[1738.444  580.556]
[1742.17  581.83]
[1742.913  582.087]
[1746.684  583.316]
[1747.458  583.542]
[1751.281  584.719]
[1752.015  584.985]
[1755.672  586.328]
[1756.401  586.599]
[1760.146  587.854]
[1760.915  588.085]
[1764.679  589.321]
[1765.421  589.579]
[1769.21  590.79]
[1769.958  591.042]
[1773.726  592.274]
[1774.491  592.509]
[1778.252  593.748]
[1779.005  593.995]
[1782.749  595.251]
[1783.492  595.508]
[1787.213  596.787]
[1788.001  596.999]
[1791.738  598.262]
[1792.486  598.514]
[1796.222  599.778]
[1796.986  600.014]
[1800.743  601.257]
[1801.485  601.515]
[1805.22  602.78]
[1805.974  603.026]
[1809.68  604.32]
[1810.443  604.557]
[1814.144  605.856]
[1814.898  606.102]
[1818.623  607.377]
[1819.367  607.633]
[1823.174  608.826]
[1823.93  609.07]
[1827.695  610.305]
[1828.446  610.554]
[1832.169  611.831]
[1832.925  612.075]
[1836.688  613.312]
[1837.433  613.567]
[1841.172  614.828]
[1841.922  615.078]
[1845.636  616.364]
[1846.365  616.635]
[1850.071  617.929]
[1850.822  618.178]
[1854.564  619.436]
[1855.313  619.687]
[1859.053  620.947]
[1859.803  621.197]
[1863.594  622.406]
[1864.346  622.654]
[1868.122  623.878]
[1868.874  624.126]
[1872.64  625.36]
[1873.385  625.615]
[1877.163  626.837]
[1877.917  627.083]
[1881.649  628.351]
[1882.393  628.607]
[1886.153  629.847]
[1886.914  630.086]
[1890.703  631.297]
[1891.473  631.527]
[1895.185  632.815]
[1895.959  633.041]
[1899.796  634.204]
[1900.53  634.47]
[1904.315  635.685]
[1905.068  635.932]
[1908.757  637.243]
[1909.509  637.491]
[1913.264  638.736]
[1914.013  638.987]
[1917.687  640.313]
[1918.458  640.542]
[1922.168  641.832]
[1922.906  642.094]
[1926.704  643.296]
[1927.458  643.542]
[1931.248  644.752]
[1932.02  644.98]
[1935.76  646.24]
[1936.499  646.501]
[1940.256  647.744]
[1941.001  647.999]
[1944.783  649.217]
[1945.515  649.485]
[1949.319  650.681]
[1950.062  650.938]
[1953.847  652.153]
[1954.601  652.399]
[1958.334  653.666]
[1959.086  653.914]
[1962.838  655.162]
[1963.581  655.419]
[1967.344  656.656]
[1968.101  656.899]
[1971.906  658.094]
[1972.677  658.323]
[1976.44  659.56]
[1977.182  659.818]
[1980.977  661.023]
[1981.73  661.27]
[1985.478  662.522]
[1986.232  662.768]
[1990.032  663.968]
[1990.774  664.226]
[1994.526  665.474]
[1995.304  665.696]
[1999.031  666.969]
[1999.778  667.222]
[2003.551  668.449]
[2004.281  668.719]
[2008.028  669.972]
[2008.755  670.245]
[2012.505  671.495]
[2013.271  671.729]
[2017.017  672.983]
[2017.769  673.231]
[2021.546  674.454]
[2022.288  674.712]
[2026.001  675.999]
[2026.756  676.244]
[2030.555  677.445]
[2031.31  677.69]
[2035.024  678.976]
[2035.782  679.218]
[2039.508  680.492]
[2040.261  680.739]
[2044.002  681.998]
[2044.759  682.241]
[2048.532  683.468]
[2049.285  683.715]
[2052.991  685.009]
[2053.755  685.245]
[2057.544  686.456]
[2058.287  686.713]
[2062.041  687.959]
[2062.797  688.203]
[2066.591  689.409]
[2067.36  689.64]
[2071.136  690.864]
[2071.903  691.097]
[2075.641  692.359]
[2076.393  692.607]
[2080.161  693.839]
[2080.929  694.071]
[2084.694  695.306]
[2085.436  695.564]
[2089.171  696.829]
[2089.918  697.082]
[2093.711  698.289]
[2094.467  698.533]
[2098.222  699.778]
[2098.959  700.041]
[2102.752  701.248]
[2103.504  701.496]
[2107.278  702.722]
[2108.045  702.955]
[2111.746  704.254]
[2112.513  704.487]
[2116.271  705.729]
[2117.023  705.977]
[2120.746  707.254]
[2121.482  707.518]
[2125.178  708.822]
[2125.905  709.095]
[2129.664  710.336]
[2130.421  710.579]
[2134.23  711.77]
[2134.978  712.022]
[2138.704  713.296]
[2139.438  713.562]
[2143.163  714.837]
[2143.905  715.095]
[2147.635  716.365]
[2148.392  716.608]
[2152.119  717.881]
[2152.878  718.122]
[2156.614  719.386]
[2157.373  719.627]
[2161.015  720.985]
[2161.77  721.23]
[2165.557  722.443]
[2166.294  722.706]
[2170.072  723.928]
[2170.811  724.189]
[2174.554  725.446]
[2175.298  725.702]
[2179.03  726.97]
[2179.765  727.235]
[2183.49  728.51]
[2184.236  728.764]
[2188.02  729.98]
[2188.76  730.24]
[2192.524  731.476]
[2193.278  731.722]
[2197.057  732.943]
[2197.81  733.19]
[2201.576  734.424]
[2202.316  734.684]
[2206.05  735.95]
[2206.795  736.205]
[2210.522  737.478]
[2211.274  737.726]
[2215.027  738.973]
[2215.762  739.238]
[2219.526  740.474]
[2220.273  740.727]
[2223.945  742.055]
[2224.705  742.295]
[2228.45  743.55]
[2229.217  743.783]
[2232.959  745.041]
[2233.707  745.293]
[2237.448  746.552]
[2238.177  746.823]
[2241.942  748.058]
[2242.689  748.311]
[2246.438  749.562]
[2247.187  749.813]
[2250.945  751.055]
