0.11543146389978416
0.09611513336035665
0.0820915781727718
0.060805379986386236
0.07332058146720628
0.06297125807541562
0.051401494006737866
0.02642733732016606
0.0408690135072103
0.03599494174297821
0.03837788430710553
0.0412631381846356
0.04039283261936164
0.03867678871247682
0.028149505814098124
0.023156176053333952
0.0341913712776086
0.020743683320004997
0.015301445500718647
0.028813433888833926
0.02451981886551123
0.018319442180104097
0.025133452546315268
0.025416676935108472
0.02422972788762012
0.020943407817377337
0.01527246278364661
0.015587648737207499
0.025845955312550746
0.012519615798119261
0.024916264727419916
0.0180070345304171
0.014342201127858613
0.01454696308540172
0.015651015111025218
0.009427752463496931
0.008338805045155443
0.01501332429617707
0.0073930982774618546
0.015861433233087117
0.013752124364434692
0.008957361285729451
0.01548815884794999
0.011118045908648932
0.009706828404463184
0.00955445944396003
0.005237230868342311
0.014666537742393682
0.005427479626117631
0.013752129966281591
0.011213467334825887
0.008610734343665414
0.00997123307374137
0.00856467195653769
0.013829357742670478
0.010583094284647578
0.003836975200432014
0.010821059266816601
0.007891257451203863
0.004581829839195953
0.0077068297495293875
0.002220599292290347
0.007190524953376337
0.008574442786705005
0.005686597687838245
0.007182564353566004
0.004424581644979631
0.011978207909293933
0.005246771953781429
0.0073777174560921595
0.005295275753467556
7.120937526575031e-05
0.009729058624752625
0.00457225505407878
0.0006161718620173495
0.004354458484533448
0.0006903976211962659
0.010351230666805222
0.005388961835759839
0.010377632513539651
0.003520838774854526
-0.00659280566862963
0.005330167868011801
0.0033576326694576245
0.009215620089570536
0.005683341540945766
0.003067005450816702
0.006186453660749344
-0.0015385214518980781
0.0001544173544263228
0.006146128965789461
0.007974873492550162
0.003399280298012611
0.004578822107916889
0.006093078313080617
0.006158364890562111
0.007967075686969211
0.008400983441094086
0.008110600041648671
0.0018701748888635906
0.0036709178882481054
0.006134564724353684
0.005355743436004059
0.001235182592379796
0.004269048037310978
0.0036005248780537603
0.0021361444196761155
0.00249297578884423
0.0009614298758522662
0.009497264841567954
0.0038571861241766267
0.0038729719537447557
0.004647822215051455
0.006227707177044065
0.000591124047101041
0.00416837520418228
0.0044386396055898355
0.0009491529248939337
0.0036309845208929723
0.007619326760788502
0.0009632532281542864
0.008844246339865906
0.00559296600706185
0.004909697433155447
0.0042185602464598305
0.005391922920328193
0.005253493213269068
0.0017217879541124167
-0.0015179397215961499
0.004084031920024659
0.005518775057957744
0.003059451932175969
0.0008255047625657546
0.00028284893110072434
0.009305420897491583
0.005468306716099827
0.0018911014068058864
-0.0010926636168347979
0.003155776646565972
0.001925080535102886
0.00640992430151006
0.008508737248549447
0.003208811313709491
0.007786811670724393
0.001406565061377602
0.003360037738613558
0.004564620526032323
-0.0012181170435258538
0.0028190769748664686
0.005289944876915576
0.0006682189282626322
0.0009530994720979904
0.0031923024503339916
0.0014978165396531708
0.005152341826050682
0.005056269594908768
0.002336558447992951
0.008059644220639825
0.0007604616888776644
0.00018605376821284147
0.0026108865133429647
0.0048906638585705575
-0.0015856341561230189
0.002038304930202145
0.00626334468259382
0.007563093045289762
0.009912750123546268
0.0069795259805568236
-0.00021238387056172044
0.004538031957289897
-5.744909864498755e-05
0.0003344637938598913
0.00409278343456275
0.005415317621327334
0.0010178264456593422
0.0016428936893947224
-0.0020692996306859923
0.0012890048790834873
0.0041358440514089895
0.00753186805272769
0.0055714062769035054
0.006196681932570729
0.0032566084599099663
0.002763391656325056
-0.0030361633287105
0.0037349594466450126
0.0017499373888104667
0.0013283772495066202
-0.0014662300663570973
0.0033101290465767535
0.003519632918434049
0.006652118121123117
0.0011706656939109918
-0.0003580546205860735
0.0061860733882609185
0.00481869223890506
0.002045704715103824
0.003923019842591861
-0.0011897409976726382
0.0053074369187576945
0.003353370976132652
0.0054798967412173355
0.0011186591900766108
0.0020336022331243165
0.004383557512434784
-0.001212216315765111
0.002908022589638982
0.003054892264978467
0.003491905083681014
0.0020518071246897105
-0.00014154039610340656
0.005082590318706203
0.0006486696615975517
0.004417471119809083
0.005419513859039485
0.002128861408035062
-0.0006283169012199362
0.0009063562763132147
0.0023813228308365206
0.0009075510810753625
0.00017057438923452807
0.00034283292554512036
-0.00042919645860429675
-0.0015088560500038076
0.006753308237196933
0.0023759834995846197
0.0016653635328746804
0.00212391689711973
0.0019817252691770246
0.0038709020474415805
0.003578185443263446
0.00042195100049771943
0.0032393912358834372
0.005617009022301657
0.0008294795467297544
-0.00020531019334180217
0.002324671729341152
-0.0002222337926350538
0.004349954519152095
0.0022349516658836757
0.0009763107549277242
0.002371141532916096
0.0011149974447031983
0.0045290523909714935
-0.0007737770597912902
0.0030736942750713594
-0.0003252208937869509
0.004771910164279822
0.0009462126054834049
0.002630156426476056
0.0015859620190734568
0.006859950437475864
0.0011849430739193287
0.003064497453673263
7.122653657101841e-05
0.0018941933055751938
-0.0002454112358142046
0.003645640745969465
-1.033527886971344e-05
0.001739575256700454
0.00409647254160687
2.0224035157807426e-05
0.0032635117246907898
0.0046886104629178405
0.002579239818163014
0.00222251063861122
0.0006504994124896687
0.0011442839812114548
0.004290275773079714
0.0045491819905082815
0.001483651833328863
0.0022162198995978153
0.005472078911774177
-0.0010038348810908159
0.004534510344155098
0.00586833739582032
0.004519255505575302
0.002051696348162156
0.004429076915969376
0.0031146310769551416
0.004319579592399713
-0.001050435340023325
0.0021782181783420703
-1.4716972065489086e-05
0.0031977070167489748
0.0048764059715205406
0.00296723411479841
0.0026211998648267643
0.0024482796656087524
0.0041408374377853345
0.0017866387374782084
0.003009004224533357
-0.0001221025412997466
0.0018933638771902585
0.0023303709153039806
0.002136323600432809
-0.0028022968691142625
2.1986868186825087e-05
0.0011521775097833157
0.0020014489358150013
0.0047645560362357155
0.0015091546564744449
0.0007903808909476093
0.0006568335280935821
0.0020989926223871167
-0.000722575483466088
0.003811103566690728
0.0024285944347004346
0.002510461557532866
0.0017197362239964598
0.0031639750991240517
-0.0017096254290253534
-0.0002686231772954335
0.0041579742070802445
0.00016611815294990907
0.002916807262702769
0.001987753356141929
0.0012095968009089419
0.0012851171195670955
0.002796151735733715
0.005237927055283957
0.003986290715729858
0.001586181073270751
-0.0013021168242016406
0.002334157653113196
0.0018246928056933566
0.0018417018672617364
-0.0008401218178534683
0.0009229777646679961
0.0021433444305373685
0.0008406478064159728
0.0016860488560106353
-0.0006262170669377441
-0.003443873505225317
-2.8605317075372748e-05
0.0009961197646714383
0.0015536306998710633
0.0031692712412673117
0.0039012399835140757
0.0036827546886980546
-1.2374515815511078e-05
0.006880988119084821
0.00013406132844117157
0.0032450527848497984
-0.0005719863288578206
-0.004190106601786231
0.0005167865724905257
-0.0010237991827598723
-0.001164096163792282
0.004030586942402624
0.002588358673375796
0.0010575463292191087
0.004345702638522222
-0.0012188755446248508
0.0018089073296206773
0.0007230840214154902
0.00262424226636561
0.003401598569489191
0.001935406098431679
0.003605123648913569
0.002153253442096624
0.0008956825859457696
0.00066904506942892
0.001309864043754025
0.0007289987596078854
0.003973061289607401
0.0005232686195867837
0.002945715237183773
0.0025845348545771208
-0.000504001807802532
0.0011732676943641254
0.00018930034023572603
0.0017800618463231195
-0.0012616488046967044
0.0032498619883727722
-6.84886404276604e-05
-0.0023802064684560593
0.0012819972367106999
0.0007564909674862496
0.0001260466718062729
0.0004982172953153762
0.0009552610976304953
0.003132716075878181
0.0024816057635957843
-0.0016900956420562048
0.0019127323115987116
0.003567146981917074
0.0018637535577017937
0.0018315947770205358
0.0006433098302814402
0.000726405115420153
0.0028728401015784715
0.0007887066732372003
0.0032427725583733472
0.0011212349641386186
0.0018139709752678177
-0.0003507239441756851
0.002947440859996089
0.004509703005050241
0.0006112284908935861
0.0030339923692535384
0.001717567971810375
0.0016611210308769104
-0.0021560048304917075
0.002705233414886636
0.006145492419869398
0.004563024816597203
0.00010092103651911982
-0.0014706892686253048
0.0038207818996793107
-0.00047631930883829907
0.0024452511792129304
-0.0005282881220255994
0.0017491861965129455
0.0012680638046430018
0.0007202098009336791
0.00023086019944973233
0.0005522074811248578
-0.0002184825419051161
-0.00039926379164996646
-0.0016231010668668455
0.001147932020331435
-2.425593359827153e-05
0.0002571415168037051
0.00010735816151215352
0.0015555351845066346
-0.001200001716741607
-0.0006248926570972641
0.0019178247709213051
-0.0011221554447049895
0.000515973372928846
0.002431754354327184
7.102069754877878e-05
0.0015799729221255515
0.001103875764517121
0.0015088299284991985
0.0008322715084972026
-0.00021305651472654385
0.0031197311193872867
-0.0013619574790034313
0.003051052097124462
0.0018668550351420565
0.0017510367749704722
0.002110150786906046
6.942619631003067e-05
0.0008152755837709864
0.0004070063437466956
0.0027491460240930154
0.0006844499684792129
0.0016641595090931699
0.00015944063411810634
0.0007436501952268162
0.0010952385936982211
0.0020831070761377296
0.0019785512346195463
0.0007316081603058513
0.004939355692237738
0.003318095775921031
0.0028149699413213066
0.0006646568589678696
-1.0576892663150031e-05
0.0006194194170767213
0.0005913788381258665
0.0034428995071926335
0.0022517981234858064
0.003802518455928013
-0.0011519456482083513
0.0008623703231607993
-0.0006917154670419601
0.00029496596761241414
-0.000580307991782531
0.0002198284918529033
0.0005785416923505244
0.0018460627601655758
-0.0005501366895012708
0.0029935725777300304
-0.0011377057637474625
0.0009672930705393681
0.00017949390101398147
0.0008132188121388351
0.0005947983686092787
-0.0015993020227144641
-0.002127843434402306
-0.0005269226284552515
0.0021617863066948286
0.001213803620624185
0.0005720237126524239
0.000951604271680634
0.0018135351932714605
-0.0001415450856574487
0.003545174447828399
-0.0010143796410839998
-0.0008968696477850466
-0.0009940701645352252
0.00025596772560398587
0.0015696894914670584
0.0002068240493484952
0.0028901076992132045
0.0028726855313210447
0.001767664939670442
8.703918878690675e-05
0.004975674079060606
0.007005378916354253
2.398225532253958e-05
0.008396216285343863
0.007556624234020831
0.005619929408196022
0.008075901635971022
0.009175963435658902
0.004683429558017839
0.006866461292360354
0.0028655880551100316
0.0051563325240248006
0.005930777877209413
0.001598619531003119
0.0033176827401211547
0.0002378138233568172
0.003385378669336656
0.009141153251977428
0.0027458727837959985
0.004277583110083756
0.0016463999867981523
0.009474282889450913
0.004522546097081868
-0.0025429381008522313
0.0036078620746782834
0.0013064528542104817
0.0022399646697081983
0.0029908640335125636
0.007199002134382018
0.005282075850659614
0.0025381704321800597
0.008202105724318112
0.0057735375627176065
0.006187596224684047
0.004304906734005058
0.0057576725440765504
-0.0018684277000523212
0.0003991992252477714
0.004051025510791646
0.001921553055289015
0.00740768646408255
0.004210338663326099
0.004968113383669954
-0.0017218459019762307
0.003272076268953118
-6.843371169115204e-05
0.004720540686121118
0.0053134883873336295
0.0025096874308821533
0.0018909234325310558
0.0014683749810814155
0.0020782574205701126
0.0066678067730873486
0.0037078832361841668
0.005231419118513048
0.006560805191606036
0.003892549418964679
0.004045449431909234
0.00492625967906176
0.00600626008288863
0.005242856298127609
0.004037939189444438
0.004997951569024549
0.005383492456309291
0.0033176977639311
0.004836459746370836
0.004061231867588713
0.004718259904850134
0.007819086932241332
0.00023252620987945208
0.002631889782388617
0.004429971213384598
0.0033879216766991745
0.004545583759826468
-0.001255649405327096
0.0015421032075566147
0.0024076285961301554
0.0011446690508851122
0.00289504377633141
0.003533086763018783
0.007501360172092644
0.0019359014353277928
0.006204816566358899
0.0024051513556447557
0.00016268465932677023
0.0005053367161211723
-0.0009759822147464886
0.0034331670173350353
-0.001609146842524963
0.004406192049214441
0.002696093423839129
0.0028093506194090557
0.0013830772788069195
0.0007303008943145822
0.0031232471343320464
0.00045849791337774023
0.002077203649249409
0.005216829771134638
0.0011923955243850603
0.001581613486411708
0.001682649809092441
0.003252937956654221
-0.00013671305851559043
0.003966226482786551
0.004859458837093072
0.0025857237622988133
0.003264876223873954
0.004428974453719014
0.006851453148998827
0.007493776236797589
0.0048355853299676226
0.0028300768741614303
-0.004163323785478824
0.002330787975683935
-0.000676459206426479
0.003765827649276674
0.002860452858292577
-0.0032780951714869383
0.002356040266037569
0.0013262244756825307
0.0006838370505113495
0.0019253900847280012
0.007413219074937305
0.004569391904436614
0.0007467996649139054
-0.0012613602151139215
0.002701936937566025
0.004978268936357344
-0.0005704507091623096
0.0002492474293397317
0.002434686955279133
0.002469223291079298
0.0013725506251828822
0.003848534281644898
0.001488693706226098
0.002596025032777571
0.0024683963764371517
0.003132465593382269
0.0008537834739728671
-0.002090702506948963
0.001089925864506474
0.001889753423692378
0.003521736973142935
0.00579182973253607
0.003177274734939471
0.003972065246919938
0.0036326705053122887
-0.0002319509156708966
0.003998040276420646
0.004279539586290093
0.0033202821385454498
-0.0022641896716999333
0.0011806392138562502
0.0016338834759481386
0.002892392575694822
0.0019090468578979417
0.0033285441710402455
0.00147966673808453
0.003341915098950123
0.002100110147377759
0.003668884126174389
0.002540713558965597
0.0007824052429611442
0.0017596743022778405
0.0023609076339912755
0.004510358347571536
0.004624119194588412
0.00044804235788291195
0.0017809981654198159
-0.0025107313496700637
0.0005819879751500436
0.0023046822636970214
0.001055098998461925
0.003021740013908196
0.00687411181040753
0.003431921685766781
-0.00018195428904189544
0.001816398198152861
0.0008783035623326154
0.002426632978498251
-0.0006488279658632967
0.0016246343986818202
0.0029361548240329763
0.0008599082540144806
0.002801795073965791
-0.0010741553775974865
6.954534430290572e-05
0.001740502499248817
0.005101625600039367
0.005117419433149656
0.001529620822469303
0.004168247068965854
-0.0004415165590627084
-0.0005578751480472236
0.004310716554072667
-0.00032733658708488576
-0.0004892234460562436
0.001072233922468232
0.004727022235893067
0.003623808354522561
0.0015172553138722844
0.0007004668538090538
0.0028958757456186
0.0074159563009740795
0.0021996692548888848
0.003094039479589985
9.851497742202191e-05
0.0010380232293954153
0.0008708206975722835
0.004065720689184548
0.0016186909196087037
0.0020518197873945583
0.0006077974570722276
0.0015589583249029423
-0.0019135145118178364
-0.0008486916602214829
0.001527050409305921
0.002093031249236238
0.0037632518098228455
0.0008528761838576768
-0.0003502135592418232
0.001599784086361688
0.0032816702969739988
0.002429182272035738
0.0007333915169001852
-2.9896232953177056e-05
0.0006044191570159431
0.0009033043407949023
0.0026643432679693494
0.0026329145636370165
0.001543818197317289
0.0011358082915272868
-1.7722948573291584e-05
0.0029151548477073124
-0.00028843294304728033
0.001652341972145545
0.0014741950944061005
0.0011693806008845453
-0.0018509441683307736
0.0022950893608965246
0.004262075403571368
0.0020712022919727293
0.003247446962156836
0.0041335748895652185
0.00032640190187015715
0.0016449295635566148
0.00277052836159399
0.002006432470658262
0.00034553324669030856
0.0025813206712655386
-0.00012276072365953098
0.0015350152716807495
-0.00047523240145073406
0.00016945669899297872
0.00021729072786968098
0.0018501156934026047
-0.0018044110912656774
-0.0005468793111999106
0.00013062248274258
0.0014313446350172519
0.0033668576891425633
0.003328016470196447
0.0006785237934177282
0.002060733897563121
-0.0005485882688904765
0.0014107943382916665
-0.0013820532949169939
0.002125537182801125
-0.0021028725233066393
0.0026594784772410616
0.00017551975364791573
0.0011324819657806517
0.0013743814260023192
0.003686430462836552
-0.0008628454033490736
0.003475140252985211
0.0037421493852261073
0.0002802912393503632
0.0015335533981096039
0.0006611771269359261
0.002444835860814338
-0.00023376336972306104
2.9859547706544892e-05
-0.0002855061649359492
0.0011427670400388445
0.002954725761486824
0.003934217578321464
0.0009048115921815057
0.0026796326322269227
0.0012590178593009237
0.0002687159438446851
0.0022747601191182997
-0.00041017273432421584
-0.001691333156732275
0.00013487791240518037
-0.003279159587329509
0.004051079573408104
0.0008020707990252646
0.0013962024452373548
0.0029680600463895942
-0.0011280643351823708
0.004046577697069722
0.0016748554892202627
0.0018353188868401719
0.0019966933793165204
-0.0012914854583122707
0.0002154367106291939
-0.0003015076015485337
0.0011291818278552758
0.0017790056353131824
0.0015502406977905105
0.004093612809484695
-0.0010733951993222469
0.0014164474444538777
0.002489486625515559
0.001358400992152439
0.0008948035707069316
0.0016190306645347493
0.0007401950908777399
-4.9320215969588915e-05
0.0004310022474005555
0.001389914940726899
0.0007389685195350475
0.002291719850019651
0.0013041941111947136
0.0022865485141409046
0.0011009973245204089
-0.0016193990265179132
0.00013337312270549686
0.0016257013647377307
0.0010232500953206507
-0.00047759773465071473
0.0011271794404726012
0.004318855614611009
0.002386173296354717
0.0005822589188500004
0.0003684754392180725
0.0019921719753005726
0.003437642243814349
0.002843903220177995
0.0023571691860729735
0.0015262067669319069
0.0021834527248978997
0.002085810261874457
0.0030172005673350377
-0.00011588429901524233
0.00275985486950723
-1.6076257793426305e-05
0.001075999642796256
0.0025958001985896847
0.0007029352604991819
0.0015471299212838604
0.0017040442395693481
0.0015669013560475334
-0.0004886546074442772
1.3660594197796362e-05
0.001840473444414884
0.0025680207155426545
0.0013863462164771354
0.0005672204461093994
0.002400014351242198
0.0024026822351386535
0.0029592123658539297
0.0008862904970642248
0.0007668662948565969
0.0015815821796294326
-0.0004687934154159015
-0.0022444408348736037
0.0011528625616167216
0.0010303594128703594
0.0015748321262067213
0.0006547696087338297
0.0005077514425304352
-0.0002598748473884911
0.00037639410250341683
0.0008996261728210216
0.0010075548734908557
0.001703538673674668
0.0011748797293640954
0.0013000821878627444
0.00045437516047090834
0.00017640803937316534
0.0005090883626836018
0.0037509419523464945
0.0016737041188123226
0.0013121813571593298
0.0026840942079870557
0.001964322985744184
-0.0002180621101029425
0.0011097621003711713
-0.0013808487000856577
0.000775780432708465
9.495222705355996e-05
0.0007407180279311138
-0.0003573382722495196
0.0032663071360704648
0.002137909800154943
0.002037381766918119
0.00047860472981106465
-0.00135887918633028
0.0018332802725916164
0.0014805413948347156
-0.0006818054020587964
0.00038524957414020396
-7.050926934897776e-05
0.0006892150397786545
-0.0016610050750376134
-0.0008145799951035371
-0.0019799982508159025
-6.098442193682341e-06
-0.00027035220272490367
-5.822890942452256e-05
0.000762150905554946
0.0011086844627067234
0.0005369825368802798
0.0020958773283634323
0.0005822459330256663
0.0011411811162615325
0.0015638301058577945
-0.00018604078439407007
-0.000523091635729181
0.0013543049992290306
0.0026582750562416757
0.0018679488231366141
0.0018562754025841525
0.0007366912307646279
0.0014517829126254181
0.0013230143559745788
0.00013166626816025584
-7.084439499067702e-05
-0.00028895555945143903
0.0017850856115426016
0.002545619867007402
0.0015696244178549216
0.0007932778948260599
-0.0007361073562349598
-0.001894180875101346
0.00088373149367131
0.0009907050054502417
0.0004944112499389099
0.0014560309428991646
0.001491915074227358
3.6980735349115985e-05
0.0008479561225724269
5.9799021535309615e-05
0.0020721962906214784
-0.0010568015996724404
-0.00039137239570508645
-0.0004301001328811045
0.0016366555714449364
-0.0010797015791204187
0.0012137495891335164
0.00030865929173578606
0.0005558354945386606
0.0009915964548018275
-7.617862557504772e-05
-0.0016214723767649173
0.0012138997914853415
-7.367564012619401e-05
0.0023348892863096645
-6.262912845559803e-05
0.003207198987519767
0.0003956820481088959
0.00055107594663515
0.0011467926143253241
-0.0003331675032905555
-0.0011188945782298007
0.0007930173041631213
0.0019387979825705802
0.001723850762394335
0.0009703600017381597
0.0002378043859658667
-0.0003329340214558392
-0.00015826310564680447
-0.0011438671767548532
0.0006129683969081115
0.004514818081799981
0.001915734141880066
0.00203662340947948
0.0005668973778326366
-0.0002784751241045915
0.0009534847600314382
-0.0009104093129058593
-0.0017303673270113945
0.0008545835304359919
0.0007260519284748636
-0.000260240292469487
-0.00028078177811380074
0.002029190765127514
0.0012658662372175649
0.0013902156384272034
0.0014291287071102872
0.001867007674899921
0.0019752722015458396
0.0035555321310703973
-0.001288211160384558
-0.0014813832320123876
0.0020731060114392423
0.00047018261114176646
