[alpha, beta]
[1. 1.]
[1.264 1.736]
[1.526 2.474]
[1.792 3.208]
[2.055 3.945]
[2.295 4.705]
[2.555 5.445]
[2.787 6.213]
[3.07 6.93]
[3.315 7.685]
[3.584 8.416]
[3.833 9.167]
[4.07 9.93]
[ 4.319 10.681]
[ 4.567 11.433]
[ 4.833 12.167]
[ 5.067 12.933]
[ 5.327 13.673]
[ 5.594 14.406]
[ 5.848 15.152]
[ 6.079 15.921]
[ 6.334 16.666]
[ 6.585 17.415]
[ 6.809 18.191]
[ 7.055 18.945]
[ 7.31 19.69]
[ 7.566 20.434]
[ 7.842 21.158]
[ 8.101 21.899]
[ 8.349 22.651]
[ 8.619 23.381]
[ 8.858 24.142]
[ 9.09 24.91]
[ 9.352 25.648]
[ 9.589 26.411]
[ 9.815 27.185]
[10.079 27.921]
[10.339 28.661]
[10.571 29.429]
[10.818 30.182]
[11.063 30.937]
[11.298 31.702]
[11.549 32.451]
[11.797 33.203]
[12.055 33.945]
[12.276 34.724]
[12.529 35.471]
[12.777 36.223]
[13.03 36.97]
[13.283 37.717]
[13.557 38.443]
[13.786 39.214]
[14.026 39.974]
[14.282 40.718]
[14.524 41.476]
[14.78 42.22]
[15.047 42.953]
[15.287 43.713]
[15.53 44.47]
[15.788 45.212]
[16.052 45.948]
[16.282 46.718]
[16.542 47.458]
[16.778 48.222]
[17.016 48.984]
[17.269 49.731]
[17.524 50.476]
[17.758 51.242]
[18.012 51.988]
[18.245 52.755]
[18.5 53.5]
[18.752 54.248]
[19.001 54.999]
[19.247 55.753]
[19.516 56.484]
[19.762 57.238]
[19.994 58.006]
[20.25 58.75]
[20.512 59.488]
[20.777 60.223]
[21.015 60.985]
[21.269 61.731]
[21.519 62.481]
[21.764 63.236]
[21.985 64.015]
[22.234 64.766]
[22.472 65.528]
[22.729 66.271]
[22.963 67.037]
[23.216 67.784]
[23.484 68.516]
[23.707 69.293]
[23.936 70.064]
[24.174 70.826]
[24.41 71.59]
[24.66 72.34]
[24.893 73.107]
[25.145 73.855]
[25.398 74.602]
[25.636 75.364]
[25.863 76.137]
[26.132 76.868]
[26.37 77.63]
[26.628 78.372]
[26.893 79.107]
[27.129 79.871]
[27.38 80.62]
[27.636 81.364]
[27.9 82.1]
[28.139 82.861]
[28.392 83.608]
[28.645 84.355]
[28.9 85.1]
[29.131 85.869]
[29.377 86.623]
[29.641 87.359]
[29.892 88.108]
[30.121 88.879]
[30.407 89.593]
[30.654 90.346]
[30.929 91.071]
[31.172 91.828]
[31.437 92.563]
[31.696 93.304]
[31.944 94.056]
[32.188 94.812]
[32.446 95.554]
[32.713 96.287]
[32.967 97.033]
[33.235 97.765]
[33.459 98.541]
[33.678 99.322]
[ 33.939 100.061]
[ 34.187 100.813]
[ 34.439 101.561]
[ 34.68 102.32]
[ 34.944 103.056]
[ 35.198 103.802]
[ 35.46 104.54]
[ 35.719 105.281]
[ 35.945 106.055]
[ 36.187 106.813]
[ 36.426 107.574]
[ 36.672 108.328]
[ 36.931 109.069]
[ 37.178 109.822]
[ 37.425 110.575]
[ 37.664 111.336]
[ 37.937 112.063]
[ 38.178 112.822]
[ 38.433 113.567]
[ 38.701 114.299]
[ 38.942 115.058]
[ 39.179 115.821]
[ 39.434 116.566]
[ 39.678 117.322]
[ 39.93 118.07]
[ 40.162 118.838]
[ 40.396 119.604]
[ 40.631 120.369]
[ 40.885 121.115]
[ 41.127 121.873]
[ 41.383 122.617]
[ 41.654 123.346]
[ 41.92 124.08]
[ 42.169 124.831]
[ 42.424 125.576]
[ 42.687 126.313]
[ 42.94 127.06]
[ 43.169 127.831]
[ 43.417 128.583]
[ 43.686 129.314]
[ 43.927 130.073]
[ 44.19 130.81]
[ 44.441 131.559]
[ 44.698 132.302]
[ 44.952 133.048]
[ 45.216 133.784]
[ 45.455 134.545]
[ 45.687 135.313]
[ 45.951 136.049]
[ 46.191 136.809]
[ 46.433 137.567]
[ 46.66 138.34]
[ 46.889 139.111]
[ 47.154 139.846]
[ 47.399 140.601]
[ 47.645 141.355]
[ 47.898 142.102]
[ 48.138 142.862]
[ 48.372 143.628]
[ 48.636 144.364]
[ 48.865 145.135]
[ 49.084 145.916]
[ 49.315 146.685]
[ 49.584 147.416]
[ 49.811 148.189]
[ 50.049 148.951]
[ 50.314 149.686]
[ 50.569 150.431]
[ 50.838 151.162]
[ 51.083 151.917]
[ 51.301 152.699]
[ 51.566 153.434]
[ 51.826 154.174]
[ 52.079 154.921]
[ 52.348 155.652]
[ 52.598 156.402]
[ 52.816 157.184]
[ 53.071 157.929]
[ 53.313 158.687]
[ 53.579 159.421]
[ 53.833 160.167]
[ 54.099 160.901]
[ 54.35 161.65]
[ 54.621 162.379]
[ 54.87 163.13]
[ 55.102 163.898]
[ 55.351 164.649]
[ 55.595 165.405]
[ 55.857 166.143]
[ 56.127 166.873]
[ 56.377 167.623]
[ 56.639 168.361]
[ 56.884 169.116]
[ 57.134 169.866]
[ 57.407 170.593]
[ 57.68 171.32]
[ 57.909 172.091]
[ 58.148 172.852]
[ 58.423 173.577]
[ 58.663 174.337]
[ 58.907 175.093]
[ 59.158 175.842]
[ 59.411 176.589]
[ 59.647 177.353]
[ 59.902 178.098]
[ 60.136 178.864]
[ 60.391 179.609]
[ 60.66 180.34]
[ 60.912 181.088]
[ 61.172 181.828]
[ 61.433 182.567]
[ 61.685 183.315]
[ 61.95 184.05]
[ 62.193 184.807]
[ 62.431 185.569]
[ 62.668 186.332]
[ 62.915 187.085]
[ 63.176 187.824]
[ 63.426 188.574]
[ 63.681 189.319]
[ 63.918 190.082]
[ 64.172 190.828]
[ 64.422 191.578]
[ 64.682 192.318]
[ 64.931 193.069]
[ 65.199 193.801]
[ 65.471 194.529]
[ 65.723 195.277]
[ 65.969 196.031]
[ 66.23 196.77]
[ 66.486 197.514]
[ 66.734 198.266]
[ 66.983 199.017]
[ 67.227 199.773]
[ 67.472 200.528]
[ 67.712 201.288]
[ 67.968 202.032]
[ 68.228 202.772]
[ 68.5 203.5]
[ 68.726 204.274]
[ 68.987 205.013]
[ 69.239 205.761]
[ 69.49 206.51]
[ 69.742 207.258]
[ 69.958 208.042]
[ 70.234 208.766]
[ 70.47 209.53]
[ 70.718 210.282]
[ 70.984 211.016]
[ 71.225 211.775]
[ 71.472 212.528]
[ 71.713 213.287]
[ 71.957 214.043]
[ 72.227 214.773]
[ 72.493 215.507]
[ 72.756 216.244]
[ 72.997 217.003]
[ 73.258 217.742]
[ 73.516 218.484]
[ 73.768 219.232]
[ 74.011 219.989]
[ 74.269 220.731]
[ 74.528 221.472]
[ 74.766 222.234]
[ 75.024 222.976]
[ 75.276 223.724]
[ 75.561 224.439]
[ 75.816 225.184]
[ 76.067 225.933]
[ 76.318 226.682]
[ 76.593 227.407]
[ 76.833 228.167]
[ 77.076 228.924]
[ 77.313 229.687]
[ 77.575 230.425]
[ 77.81 231.19]
[ 78.06 231.94]
[ 78.324 232.676]
[ 78.574 233.426]
[ 78.785 234.215]
[ 79.004 234.996]
[ 79.268 235.732]
[ 79.488 236.512]
[ 79.728 237.272]
[ 80.003 237.997]
[ 80.251 238.749]
[ 80.469 239.531]
[ 80.716 240.284]
[ 80.963 241.037]
[ 81.209 241.791]
[ 81.464 242.536]
[ 81.726 243.274]
[ 81.99 244.01]
[ 82.246 244.754]
[ 82.477 245.523]
[ 82.712 246.288]
[ 82.947 247.053]
[ 83.188 247.812]
[ 83.435 248.565]
[ 83.69 249.31]
[ 83.926 250.074]
[ 84.163 250.837]
[ 84.436 251.564]
[ 84.702 252.298]
[ 84.936 253.064]
[ 85.191 253.809]
[ 85.425 254.575]
[ 85.682 255.318]
[ 85.951 256.049]
[ 86.181 256.819]
[ 86.445 257.555]
[ 86.707 258.293]
[ 86.966 259.034]
[ 87.228 259.772]
[ 87.492 260.508]
[ 87.736 261.264]
[ 87.982 262.018]
[ 88.257 262.743]
[ 88.517 263.483]
[ 88.777 264.223]
[ 89.036 264.964]
[ 89.258 265.742]
[ 89.52 266.48]
[ 89.803 267.197]
[ 90.043 267.957]
[ 90.281 268.719]
[ 90.529 269.471]
[ 90.796 270.204]
[ 91.034 270.966]
[ 91.288 271.712]
[ 91.528 272.472]
[ 91.788 273.212]
[ 92.047 273.953]
[ 92.292 274.708]
[ 92.523 275.477]
[ 92.765 276.235]
[ 93.024 276.976]
[ 93.269 277.731]
[ 93.528 278.472]
[ 93.788 279.212]
[ 94.037 279.963]
[ 94.291 280.709]
[ 94.555 281.445]
[ 94.816 282.184]
[ 95.083 282.917]
[ 95.37 283.63]
[ 95.606 284.394]
[ 95.851 285.149]
[ 96.093 285.907]
[ 96.35 286.65]
[ 96.614 287.386]
[ 96.871 288.129]
[ 97.126 288.874]
[ 97.367 289.633]
[ 97.612 290.388]
[ 97.882 291.118]
[ 98.154 291.846]
[ 98.386 292.614]
[ 98.621 293.379]
[ 98.879 294.121]
[ 99.121 294.879]
[ 99.369 295.631]
[ 99.619 296.381]
[ 99.881 297.119]
[100.13 297.87]
[100.362 298.638]
[100.597 299.403]
[100.833 300.167]
[101.096 300.904]
[101.333 301.667]
[101.603 302.397]
[101.865 303.135]
[102.114 303.886]
[102.399 304.601]
[102.665 305.335]
[102.913 306.087]
[103.151 306.849]
[103.416 307.584]
[103.654 308.346]
[103.885 309.115]
[104.129 309.871]
[104.395 310.605]
[104.621 311.379]
[104.882 312.118]
[105.134 312.866]
[105.396 313.604]
[105.629 314.371]
[105.876 315.124]
[106.134 315.866]
[106.406 316.594]
[106.662 317.338]
[106.911 318.089]
[107.114 318.886]
[107.361 319.639]
[107.62 320.38]
[107.874 321.126]
[108.141 321.859]
[108.393 322.607]
[108.635 323.365]
[108.887 324.113]
[109.149 324.851]
[109.394 325.606]
[109.641 326.359]
[109.891 327.109]
[110.126 327.874]
[110.366 328.634]
[110.6 329.4]
[110.846 330.154]
[111.08 330.92]
[111.33 331.67]
[111.587 332.413]
[111.824 333.176]
[112.077 333.923]
[112.326 334.674]
[112.578 335.422]
[112.847 336.153]
[113.105 336.895]
[113.361 337.639]
[113.59 338.41]
[113.834 339.166]
[114.077 339.923]
[114.315 340.685]
[114.56 341.44]
[114.79 342.21]
[115.009 342.991]
[115.276 343.724]
[115.516 344.484]
[115.766 345.234]
[116.021 345.979]
[116.274 346.726]
[116.543 347.457]
[116.778 348.222]
[117.005 348.995]
[117.257 349.743]
[117.507 350.493]
[117.753 351.247]
[118.008 351.992]
[118.244 352.756]
[118.479 353.521]
[118.726 354.274]
[118.989 355.011]
[119.25 355.75]
[119.481 356.519]
[119.747 357.253]
[119.982 358.018]
[120.231 358.769]
[120.46 359.54]
[120.715 360.285]
[120.959 361.041]
[121.199 361.801]
[121.467 362.533]
[121.732 363.268]
[121.998 364.002]
[122.268 364.732]
[122.488 365.512]
[122.742 366.258]
[122.979 367.021]
[123.225 367.775]
[123.494 368.506]
[123.752 369.248]
[124.022 369.978]
[124.26 370.74]
[124.512 371.488]
[124.758 372.242]
[125.01 372.99]
[125.259 373.741]
[125.516 374.484]
[125.773 375.227]
[126.034 375.966]
[127.251 379.749]
[128.524 383.476]
[129.786 387.214]
[130.995 391.005]
[132.252 394.748]
[133.53 398.47]
[134.829 402.171]
[136.083 405.917]
[137.358 409.642]
[138.638 413.362]
[139.928 417.072]
[141.184 420.816]
[142.425 424.575]
[143.684 428.316]
[144.936 432.064]
[146.179 435.821]
[147.455 439.545]
[148.682 443.318]
[149.885 447.115]
[151.139 450.861]
[152.367 454.633]
[153.616 458.384]
[154.859 462.141]
[156.165 465.835]
[157.377 469.623]
[158.655 473.345]
[159.85 477.15]
[161.066 480.934]
[162.324 484.676]
[163.547 488.453]
[164.8 492.2]
[166.089 495.911]
[167.372 499.628]
[168.62 503.38]
[169.897 507.103]
[171.141 510.859]
[172.39 514.61]
[173.637 518.363]
[174.903 522.097]
[176.174 525.826]
[177.36 529.64]
[178.66 533.34]
[179.927 537.073]
[181.211 540.789]
[182.487 544.513]
[183.791 548.209]
[185.059 551.941]
[186.292 555.708]
[187.516 559.484]
[188.776 563.224]
[190.024 566.976]
[191.291 570.709]
[192.557 574.443]
[193.773 578.227]
[195.02 581.98]
[196.243 585.757]
[197.528 589.472]
[198.795 593.205]
[200.043 596.957]
[201.357 600.643]
[202.574 604.426]
[203.875 608.125]
[205.178 611.822]
[206.385 615.615]
[207.636 619.364]
[208.891 623.109]
[210.127 626.873]
[211.395 630.605]
[212.643 634.357]
[213.945 638.055]
[215.187 641.813]
[216.387 645.613]
[217.607 649.393]
[218.823 653.177]
[220.003 656.997]
[221.294 660.706]
[222.557 664.443]
[223.815 668.185]
[225.092 671.908]
[226.351 675.649]
[227.601 679.399]
[228.814 683.186]
[230.098 686.902]
[231.3 690.7]
[232.55 694.45]
[233.774 698.226]
[234.978 702.022]
[236.212 705.788]
[237.471 709.529]
[238.715 713.285]
[240.008 716.992]
[241.269 720.731]
[242.491 724.509]
[243.839 728.161]
[245.076 731.924]
[246.339 735.661]
[247.572 739.428]
[248.807 743.193]
[250.01 746.99]
[251.24 750.76]
[252.488 754.512]
[253.735 758.265]
[255.045 761.955]
[256.281 765.719]
[257.54 769.46]
[258.753 773.247]
[260.005 776.995]
[261.233 780.767]
[262.45 784.55]
[263.684 788.316]
[264.914 792.086]
[266.165 795.835]
[267.458 799.542]
[268.708 803.292]
[269.972 807.028]
[271.236 810.764]
[272.51 814.49]
[273.775 818.225]
[274.998 822.002]
[276.242 825.758]
[277.537 829.463]
[278.773 833.227]
[280.026 836.974]
[281.314 840.686]
[282.559 844.441]
[283.812 848.188]
[285.08 851.92]
[286.3 855.7]
[287.543 859.457]
[288.807 863.193]
[290.064 866.936]
[291.286 870.714]
[292.534 874.466]
[293.841 878.159]
[295.041 881.959]
[296.344 885.656]
[297.563 889.437]
[298.849 893.151]
[300.081 896.919]
[301.323 900.677]
[302.549 904.451]
[303.804 908.196]
[305.019 911.981]
[306.297 915.703]
[307.56 919.44]
[308.793 923.207]
[310.102 926.898]
[311.367 930.633]
[312.691 934.309]
[313.885 938.115]
[315.077 941.923]
[316.374 945.626]
[317.661 949.339]
[318.976 953.024]
[320.187 956.813]
[321.417 960.583]
[322.707 964.293]
[323.972 968.028]
[325.292 971.708]
[326.583 975.417]
[327.893 979.107]
[329.233 982.767]
[330.482 986.518]
[331.737 990.263]
[332.995 994.005]
[334.235 997.765]
[ 335.486 1001.514]
[ 336.749 1005.251]
[ 338.021 1008.979]
[ 339.249 1012.751]
[ 340.439 1016.561]
[ 341.654 1020.346]
[ 342.86 1024.14]
[ 344.178 1027.822]
[ 345.373 1031.627]
[ 346.661 1035.339]
[ 347.866 1039.134]
[ 349.105 1042.895]
[ 350.356 1046.644]
[ 351.584 1050.416]
[ 352.845 1054.155]
[ 354.098 1057.902]
[ 355.338 1061.662]
[ 356.571 1065.429]
[ 357.827 1069.173]
[ 359.086 1072.914]
[ 360.358 1076.642]
[ 361.618 1080.382]
[ 362.891 1084.109]
[ 364.118 1087.882]
[ 365.356 1091.644]
[ 366.613 1095.387]
[ 367.839 1099.161]
[ 369.077 1102.923]
[ 370.347 1106.653]
[ 371.572 1110.428]
[ 372.785 1114.215]
[ 374.004 1117.996]
[ 375.28 1121.72]
[ 376.501 1125.499]
[ 377.705 1129.295]
[ 378.982 1133.018]
[ 380.242 1136.758]
[ 381.484 1140.516]
[ 382.718 1144.282]
[ 384.015 1147.985]
[ 385.262 1151.738]
[ 386.549 1155.451]
[ 387.782 1159.218]
[ 389.042 1162.958]
[ 390.317 1166.683]
[ 391.564 1170.436]
[ 392.811 1174.189]
[ 394.098 1177.902]
[ 395.283 1181.717]
[ 396.567 1185.433]
[ 397.81 1189.19]
[ 399.074 1192.926]
[ 400.297 1196.703]
[ 401.533 1200.467]
[ 402.814 1204.186]
[ 404.021 1207.979]
[ 405.297 1211.703]
[ 406.487 1215.513]
[ 407.695 1219.305]
[ 408.927 1223.073]
[ 410.163 1226.837]
[ 411.471 1230.529]
[ 412.732 1234.268]
[ 414.001 1237.999]
[ 415.256 1241.744]
[ 416.538 1245.462]
[ 417.809 1249.191]
[ 419.035 1252.965]
[ 420.321 1256.679]
[ 421.575 1260.425]
[ 422.858 1264.142]
[ 424.07 1267.93]
[ 425.301 1271.699]
[ 426.522 1275.478]
[ 427.74 1279.26]
[ 428.989 1283.011]
[ 430.209 1286.791]
[ 431.445 1290.555]
[ 432.657 1294.343]
[ 433.929 1298.071]
[ 435.156 1301.844]
[ 436.421 1305.579]
[ 437.716 1309.284]
[ 438.963 1313.037]
[ 440.19 1316.81]
[ 441.432 1320.568]
[ 442.671 1324.329]
[ 443.898 1328.102]
[ 445.218 1331.782]
[ 446.447 1335.553]
[ 447.737 1339.263]
[ 449.004 1342.996]
[ 450.249 1346.751]
[ 451.5 1350.5]
[ 452.773 1354.227]
[ 453.967 1358.033]
[ 455.257 1361.743]
[ 456.471 1365.529]
[ 457.699 1369.301]
[ 459.008 1372.992]
[ 460.239 1376.761]
[ 461.489 1380.511]
[ 462.805 1384.195]
[ 464.081 1387.919]
[ 465.363 1391.637]
[ 466.678 1395.322]
[ 467.95 1399.05]
[ 469.209 1402.791]
[ 470.46 1406.54]
[ 471.689 1410.311]
[ 472.902 1414.098]
[ 474.182 1417.818]
[ 475.375 1421.625]
[ 476.613 1425.387]
[ 477.858 1429.142]
[ 479.116 1432.884]
[ 480.383 1436.617]
[ 481.597 1440.403]
[ 482.823 1444.177]
[ 484.077 1447.923]
[ 485.309 1451.691]
[ 486.514 1455.486]
[ 487.83 1459.17]
[ 489.128 1462.872]
[ 490.397 1466.603]
[ 491.608 1470.392]
[ 492.905 1474.095]
[ 494.117 1477.883]
[ 495.382 1481.618]
[ 496.553 1485.447]
[ 497.806 1489.194]
[ 499.038 1492.962]
[ 500.271 1496.729]
[ 501.473 1500.527]
[ 502.733 1504.267]
[ 503.978 1508.022]
[ 505.225 1511.775]
[ 506.446 1515.554]
[ 507.701 1519.299]
[ 508.934 1523.066]
[ 510.145 1526.855]
[ 511.353 1530.647]
[ 512.614 1534.386]
[ 513.803 1538.197]
[ 515.078 1541.922]
[ 516.309 1545.691]
[ 517.556 1549.444]
[ 518.808 1553.192]
[ 520.1 1556.9]
[ 521.326 1560.674]
[ 522.579 1564.421]
[ 523.781 1568.219]
[ 524.993 1572.007]
[ 526.179 1575.821]
[ 527.448 1579.552]
[ 528.625 1583.375]
[ 529.853 1587.147]
[ 531.121 1590.879]
[ 532.397 1594.603]
[ 533.642 1598.358]
[ 534.875 1602.125]
[ 536.168 1605.832]
[ 537.377 1609.623]
[ 538.633 1613.367]
[ 539.905 1617.095]
[ 541.148 1620.852]
[ 542.38 1624.62]
[ 543.614 1628.386]
[ 544.928 1632.072]
[ 546.115 1635.885]
[ 547.348 1639.652]
[ 548.569 1643.431]
[ 549.883 1647.117]
[ 551.116 1650.884]
[ 552.415 1654.585]
[ 553.655 1658.345]
[ 554.887 1662.113]
[ 556.138 1665.862]
[ 557.352 1669.648]
[ 558.62 1673.38]
[ 559.915 1677.085]
[ 561.224 1680.776]
[ 562.451 1684.549]
[ 563.729 1688.271]
[ 564.937 1692.063]
[ 566.124 1695.876]
[ 567.389 1699.611]
[ 568.657 1703.343]
[ 569.909 1707.091]
[ 571.106 1710.894]
[ 572.334 1714.666]
[ 573.592 1718.408]
[ 574.799 1722.201]
[ 576.074 1725.926]
[ 577.319 1729.681]
[ 578.572 1733.428]
[ 579.837 1737.163]
[ 581.096 1740.904]
[ 582.331 1744.669]
[ 583.551 1748.449]
[ 584.826 1752.174]
[ 586.072 1755.928]
[ 587.298 1759.702]
[ 588.545 1763.455]
[ 589.854 1767.146]
[ 591.089 1770.911]
[ 592.315 1774.685]
[ 593.588 1778.412]
[ 594.779 1782.221]
[ 596.028 1785.972]
[ 597.248 1789.752]
[ 598.514 1793.486]
[ 599.76 1797.24]
[ 601.002 1800.998]
[ 602.184 1804.816]
[ 603.425 1808.575]
[ 604.668 1812.332]
[ 605.942 1816.058]
[ 607.228 1819.772]
[ 608.488 1823.512]
[ 609.733 1827.267]
[ 611.039 1830.961]
[ 612.327 1834.673]
[ 613.578 1838.422]
[ 614.888 1842.112]
[ 616.16 1845.84]
[ 617.392 1849.608]
[ 618.642 1853.358]
[ 619.887 1857.113]
[ 621.181 1860.819]
[ 622.428 1864.572]
[ 623.657 1868.343]
[ 624.914 1872.086]
[ 626.147 1875.853]
[ 627.342 1879.658]
[ 628.633 1883.367]
[ 629.947 1887.053]
[ 631.18 1890.82]
[ 632.439 1894.561]
[ 633.667 1898.333]
[ 634.927 1902.073]
[ 636.174 1905.826]
[ 637.396 1909.604]
[ 638.64 1913.36]
[ 639.879 1917.121]
[ 641.137 1920.863]
[ 642.406 1924.594]
[ 643.64 1928.36]
[ 644.89 1932.11]
[ 646.109 1935.891]
[ 647.385 1939.615]
[ 648.591 1943.409]
[ 649.834 1947.166]
[ 651.104 1950.896]
[ 652.367 1954.633]
[ 653.634 1958.366]
[ 654.869 1962.131]
[ 656.119 1965.881]
[ 657.387 1969.613]
[ 658.62 1973.38]
[ 659.819 1977.181]
[ 661.082 1980.918]
[ 662.311 1984.689]
[ 663.606 1988.394]
[ 664.833 1992.167]
[ 666.083 1995.917]
[ 667.301 1999.699]
[ 668.532 2003.468]
[ 669.782 2007.218]
[ 671.041 2010.959]
[ 672.23 2014.77]
[ 673.572 2018.428]
[ 674.765 2022.235]
[ 676.016 2025.984]
[ 677.253 2029.747]
[ 678.468 2033.532]
[ 679.662 2037.338]
[ 680.915 2041.085]
[ 682.146 2044.854]
[ 683.464 2048.536]
[ 684.693 2052.307]
[ 685.968 2056.032]
[ 687.307 2059.693]
[ 688.596 2063.404]
[ 689.87 2067.13]
[ 691.076 2070.924]
[ 692.368 2074.632]
[ 693.555 2078.445]
[ 694.83 2082.17]
[ 696.104 2085.896]
[ 697.377 2089.623]
[ 698.602 2093.398]
[ 699.829 2097.171]
[ 701.117 2100.883]
[ 702.333 2104.667]
[ 703.62 2108.38]
[ 704.908 2112.092]
[ 706.151 2115.849]
[ 707.399 2119.601]
[ 708.619 2123.381]
[ 709.92 2127.08]
[ 711.148 2130.852]
[ 712.449 2134.551]
[ 713.676 2138.324]
[ 714.913 2142.087]
[ 716.104 2145.896]
[ 717.412 2149.588]
[ 718.628 2153.372]
[ 719.874 2157.126]
[ 721.134 2160.866]
[ 722.389 2164.611]
[ 723.619 2168.381]
[ 724.827 2172.173]
[ 726.104 2175.896]
[ 727.322 2179.678]
[ 728.593 2183.407]
[ 729.858 2187.142]
[ 731.109 2190.891]
[ 732.345 2194.655]
[ 733.576 2198.424]
[ 734.854 2202.146]
[ 736.118 2205.882]
[ 737.391 2209.609]
[ 738.616 2213.384]
[ 739.881 2217.119]
[ 741.162 2220.838]
[ 742.393 2224.607]
[ 743.691 2228.309]
[ 744.953 2232.047]
[ 746.148 2235.852]
[ 747.431 2239.569]
[ 748.737 2243.263]
[ 750.002 2246.998]
[ 751.274 2250.726]
