0.4156871412832474
0.2640212124238976
0.16078342253611042
0.11665895026458799
0.09378017010462068
0.11360375304179901
0.07283394088923964
0.050247916195306726
0.0681330170838975
0.04870974448170298
0.04823888389479992
0.04532006301422235
0.043837152798377105
0.03056674754218375
0.02941929571089276
0.022797930870347562
0.032325357813518724
0.017290449139686057
0.028227260920701564
0.022468182733463907
0.03735739516926878
0.020803305088343587
0.022848502678212833
0.026143465765939875
0.01725667257216213
0.015556748949741567
0.008016805449827462
0.03580534728966499
0.008660247664168558
0.012401766574440028
0.021785299045950172
0.01377339586911614
0.008315064989083064
0.0029884503486908606
0.01733140419055858
0.01636269185036284
0.013252860825902548
0.01021719608030032
0.02068070113669247
0.01347802655463657
0.015210921543083603
0.018249825800554734
0.015126039122566467
0.013269282054835515
0.017307523489450263
0.01840461303165786
0.00804144390750096
0.009316530733705478
0.013200997184126992
0.012173804470674295
0.008297739455324096
0.006279969769480552
0.007516199982703909
-0.00048159405750845016
0.008990756715160085
3.643652648638101e-06
0.00591267986675397
0.0011055240518989264
0.007549494042111457
0.01742860054034869
0.003998493199108938
0.011447766923409545
0.005988726205500756
0.002097356167749908
0.007731051438927361
0.006829068647782683
0.004914115989208959
0.008472961382679773
0.013337700664703486
0.008872815039513314
0.007935429581900565
0.005174480791741137
0.004537509853007577
0.0075040687418227
0.011676478512957833
0.004977247933320021
0.004129587137255053
0.006766798766917079
0.0020225222156371246
0.006181130995058507
0.003778757639191948
0.009663858012284256
0.006662921043410737
0.007527047776517912
0.004519783807921726
0.006220403468090153
0.002497179594993792
0.005499014253238984
0.0003160264376323627
0.007299319048225038
0.004238128845045163
0.00618138801028233
0.0008852336473654849
0.004237432997040879
0.00862979696729135
0.006009972726506595
0.0031215283488684486
0.008937847806023568
0.005879819295824546
-0.0008091588470327372
0.00542193838050906
0.006109692837677778
0.0064641372392950135
0.00457624243312278
0.0029767154182030395
-0.0007473136347251185
-0.00041205033503105744
0.005472534811177957
0.003148885236517576
0.0022973044438570466
0.009082207432673973
0.005747999213545892
0.004049769156549723
0.004717264205936162
0.002535887751495022
0.002719280864007867
0.0036888157018694183
0.009093400711746469
0.0030326180784486364
0.006402250161960666
0.0028624110853186675
0.0053124579167302295
-0.0014049560142560215
0.003927927036267461
0.0050796199929364644
0.002186248072631267
0.005396118649636738
0.0013580303141676258
0.0019274783791385342
0.0054646545187938544
0.007070054338422106
-0.0005697475193064851
0.006324437958448914
0.0015530945635073665
0.0006185655713154552
0.0044015076732774406
0.0023955538939402082
0.007686600482872709
-7.68393541655801e-05
0.0035882153720331656
0.005428820851592558
0.005801988550593071
0.001972603332547251
0.001702388869331441
0.006627832445810987
0.003059059913354991
0.004599484973483929
0.005608248216854052
0.002862361688547041
0.0043805150733342004
0.001450347485772876
0.006861574961748031
0.00037809578629980365
0.00779765195545272
0.0028273038403576027
0.007055786006367453
0.003449782027828841
0.009649027248848623
-0.00020789251820238524
-0.004986020600972339
0.0034249924174641322
0.0030553642922033237
0.004509775855461266
0.0034644290366479496
-0.0008092876136714058
0.003900622476165455
0.001974075738764942
0.002003821437032817
0.006346988700701359
0.005783063292566714
0.0017356307666805783
-0.0016169653256589802
0.006943271882216748
0.004516223638781341
0.005601288645844854
0.0046387510590952825
0.0012309927018192628
-0.0021152165519031543
0.0023131750049142155
0.005191095702756624
-0.00012384970927260794
0.005672612089270288
0.005066705451256295
0.00476213597376231
0.001265274887829956
0.0036666109761847054
-0.0004828432442815934
0.003219622443417886
-0.000727410515202025
0.0023183913069493886
0.003151223740605452
0.002328512783013672
-0.001411592837984183
0.002132877820829498
0.003390739913156246
0.003812312141051571
0.001448660470567475
0.002643831750132565
0.006341437493113221
0.001135299474494838
0.005032287744514644
0.0022351270701294014
0.005163013193167163
0.006341820259100253
0.0026632173313498636
0.002976751783156645
-0.0006515964018653194
0.0021606026387403355
-0.0018822349978258159
-0.0009462824231546363
-0.002270477681649202
0.0032229209424003546
0.0012993821158539722
-0.0012305880970970207
0.004209664424139921
0.001357366784754607
0.0031441944849839765
0.0009703757988354552
0.002516417293936151
0.0012762130905745203
0.0038818748508203447
0.003395297848536094
0.00294946098353492
0.0029297025014747404
0.0037228359298683436
0.0025989833648593233
0.0017823816534709397
-0.00013503148383148435
0.006230190537348607
0.0009746091824593857
0.0031665393050894558
0.0010458189316021123
-0.0024439489152973037
0.0034501459564861532
0.003936572009749206
0.003536276603623799
0.0013259525861020892
0.0037435557459473685
0.002736341682802358
0.0005783972005412987
0.0037595152216361905
0.003929432786967235
0.003352250018932515
0.004607378607658929
0.0022509751250608875
0.004263018735742136
0.0019429900561977731
0.002484774379815616
-0.001493414374650342
0.0028907252812200453
0.005797837488383502
0.002609263657409741
-0.0024941882189912002
0.0005104122342594503
0.0006369031431575986
0.0015780561208331124
-0.003619411049472084
0.002764275477993801
0.0010226028651459558
0.0012818641474686599
0.0008958506116926451
0.0011403903557082335
0.0010002457797494528
0.0037071683165060725
0.0029102715148763073
0.004587686595503857
0.0025168721626272557
0.0008213455008084773
0.0034888763675116775
0.0017641414646743056
0.0018674548905945765
0.0012805792084851508
0.0022663093079899185
-0.0025648541753667403
0.0017284725499691074
0.0011972397485754487
-0.0005770261333924816
0.004533091758652261
0.0038225369436632496
0.004091255156223251
0.001307973777862544
0.0012378988094235571
0.0026553009632823152
0.002888633080653842
-0.0008450534900157423
0.0053770182044627695
0.0012229641423589844
0.0003171707646258895
0.0018136433791335164
0.0021766177702102017
0.002381162672109919
0.0036751770202002334
0.0009390419664868951
0.0038979191401575827
0.004758648510911423
0.0025753298784033144
0.00040987247171898444
0.0007724813452129366
0.00421805223593837
0.0032639734564973676
-0.0002833935974843999
0.002159876476380252
0.003745784099744383
0.0038954544329492017
0.003096734005321004
0.004353327038365919
0.0027722289917606053
0.0007689694634506385
0.0012727884662801993
4.3639611435972315e-05
0.0019230438610017995
0.0007340438829341609
0.0024929433644834114
0.003245758525670636
0.0020552165685946326
-0.00027896814163956275
0.0018436740041425502
0.00019722006493633795
0.0021242797601842217
0.0020249104628023195
0.0015420691790254625
-0.0015673572995801353
0.0037997184339286774
0.0014584641586559974
0.0040535220245891375
-3.524766157615417e-05
0.002867344835607704
0.003556351025284912
-0.0005062700603391269
0.0033946536612409726
0.0036660097973214645
0.0014365700115703257
0.000876433660627183
-0.0010540353805617844
-0.0009311489111879562
0.001557425993819707
0.00034429906751753015
-0.0024209969737561104
0.00037753006799189385
0.002152039522164762
0.0004843597004602682
0.00305287949772646
0.0023223007915822973
0.001141473641270664
0.0013478120357108387
0.0011057104544382524
0.0018321619754260038
0.000280766745624652
0.005935401716925574
0.0011146118196717729
0.0012741169531127808
0.004979461915364634
0.002185098316145001
0.0015481733437021793
0.004250832203247003
0.0018265938377294336
-0.000152512905826326
0.001755267366658714
0.00037158154315515416
0.000533967533847093
0.0027622900873420907
0.0015912310438401037
-0.00025733115384549295
0.0002827946344391125
0.0016735600347764779
0.005568161029761672
0.005343041824538242
0.00465089375633559
0.0040990967232189795
0.0031113510606788496
0.000749609143763506
0.002315052343506761
0.0010849283074074938
0.0021938524550599013
-0.000163407810241147
6.135883919772538e-05
0.0031093204686312654
0.0012513263929730028
0.00046204824657189274
0.00534474379070771
0.0009644842623197175
0.0005097308354803695
-0.0009531181068704002
-0.00029932105907977267
0.001872656859004872
0.0006353215987506531
0.0025689973829397346
0.00013918625477809287
0.003600571683018504
0.0008449082660081968
0.0018150667612862582
0.0026462567107588893
0.0032715997085908024
-0.0010483251312899124
0.0007949404154402713
0.0008407577549384518
0.0003608195986087126
0.0005734416656508501
0.0007882073279674998
0.0010613671298629016
-0.0008059227391354599
-0.0013285093237521246
0.001814337888088417
-0.0005145755142650732
0.003878334516447445
0.003942675816378234
-0.0008152294201422473
1.1128529083968795e-05
0.0023373320475228894
0.002638736252232057
0.0019998501252509538
-5.7169302665635096e-05
0.0008168044800785176
0.002663842907175298
0.0025157943096997515
0.002508025334892428
0.0025064115090764876
0.005081331012421426
0.0009042465578345284
-0.0008332649777561319
-0.0005417476248786787
0.00014766918270465047
0.001563837329009896
0.0009575358877313922
0.0019427728526967814
-0.0016235041913825086
0.002889340373865588
-0.0017262707752628947
0.00035604228450136343
-0.00136080834257114
0.000765071553886816
0.0008938641072689004
3.3607564950520534e-05
-0.0003218072038373047
0.0029525554411571663
0.00343809075421896
-0.00047543170220518507
0.0017329137505342146
0.0025053011415709834
-0.0024824923749008285
-0.0001335449288981479
0.00018874830842610446
0.002115692611902382
-0.0007942199377733137
0.0007316989884708702
0.0029020296987577205
0.001079208999934011
0.0021874713199100306
0.0015138221763601894
-0.0010294202721811887
-0.0005004069644451728
0.003267003532003931
0.002390999629426078
0.002790436253154706
0.0015355000908865576
0.0017093628524890367
-0.001728091919372105
0.0033633600619367926
0.00041356937029055215
0.0013791841285824581
-0.0005770250259648931
-0.0002737859919345512
-0.00011388757639235059
0.003534576657526264
0.00023693704642700362
0.0014612252394592454
0.001686779156739943
-0.00015536230541139537
0.0022236167844618226
0.0012260858716188648
0.0031605042709410536
-0.000825214653028486
0.0022141447473650374
0.00030183481981915073
0.0017649136590840344
-0.000689453116764091
0.003361656758798759
0.0015927137767726349
0.0012249575764617193
0.0012393879750083193
0.001751025362107486
0.0012084090749485592
0.0037759438677946217
0.0003716016103757491
0.0033901609355894108
0.0006062034923451376
-0.0008675764231518276
-0.0005952087310645271
0.0013522071900594827
0.0004466487818534253
0.00033688254049565126
-0.0009039656659020414
0.001485011196772162
0.002875613696798155
0.002025396115419283
0.0008052000434728693
0.0004481758987428394
-0.000571285119635204
-4.4464386339597046e-05
0.0015376562382040404
0.0003892601419251684
-0.00036391105574080365
0.00010578695954277496
0.0007762703964158474
-0.00019388901260089354
0.0012899733554849625
-0.0010659361818960156
-6.588326647303948e-05
1.0080105535170103e-05
-0.000253340737037098
0.0011418824339020374
-0.00033362885389631887
0.00029551862813247625
-0.00036051054003121075
0.0012652480204515338
0.00039941392298860465
-0.00013440656078189038
0.0009642707651157498
0.0007562496367288511
-0.0008762609358698428
-0.00030667055504334835
-0.0002849775000771318
0.0005685135893007464
0.0011603148009944424
-0.0007640378720446315
-0.00015081124956384202
0.0012527831920222069
8.878365341252845e-05
0.0005482946986682663
0.00015181332861286028
-0.0006142441669585237
-0.0008640438548479542
0.0006487539855032429
-0.00010094848161437961
0.0007209146603046245
0.0011633311634882452
0.00010561887419749443
0.00014005486875524054
0.0007170524776778254
0.0004380150192246848
-0.0007515882683819028
0.0009234657378822387
-0.0005018481184889523
0.0008462098500619413
0.00010796227821341617
-0.0002510131068454774
0.00046582260593734366
-0.0005768372695907057
0.0011761799065547237
0.0008926873213001263
0.0002592994192975471
0.00048472491309238855
-0.00010622474677474457
-0.00020774395720600427
-0.00047011064912686417
0.0005548325734768152
0.00014644285906319736
0.0010851278334125323
0.0011063782772062303
-2.503355271456093e-05
-0.00015441916288807324
0.0004828834843371607
-0.00026813076642274823
0.0003004132607333914
-0.00012793088282023044
0.00020948182133186235
-0.0002473547757998156
-0.00010733499083705658
0.0005001124780271667
0.0008971036109296069
0.0008710195239752905
-0.0007731477101861968
0.00013530396240500267
-0.0007184946820020745
0.0001478522759959169
-0.00016471477851432898
0.0007160606955667737
0.0007559051315028494
0.0003668803574334091
-0.0003424589331128586
-0.0001049352209082123
0.0005678262707536912
0.00109191599906954
-0.0004041788346211262
-0.0007742734518093871
6.544084974448898e-05
-0.0012150005995919177
0.00010815092484637441
0.0003613184760792289
0.0003086554954591156
5.1539202039864164e-05
0.0008262345489346401
0.0005616255835288562
3.826118790198625e-05
0.0003157948963567444
-0.00012890868781159477
-0.00015061119034268935
-0.0008739209879890333
0.0012976048690357023
-3.249568588893708e-05
0.0005869751067231183
-0.0001308176355005007
0.0004165873213564713
-0.0006872788156104737
0.0003705652634737085
-0.00026117783056120176
-0.0004097452292191452
-0.00012091671457079603
0.0002536559630856739
-0.00014868136066235977
-0.0005855474244502622
0.0005891925328224985
-0.00015440014075146177
-4.1507812322752054e-05
0.0002521249397465157
0.00034986929077645174
0.0002626759414432822
0.0005864290327430963
-8.527038898511115e-05
0.000869042656012451
0.0006466506119676034
-0.0004612276218213302
0.0006699587858932941
0.0008410622739805394
0.00017481287053911502
-0.00028763239823804005
0.0015024373517255481
0.0005813103673698505
-0.0003870716309060762
0.0007669540025620111
0.0012961654889068338
-0.00016624692615751176
0.00035853620193820304
0.0001303866767366678
0.000435708777562195
0.0012218401082522705
0.000432110066062385
0.00036110578274434234
-0.0004403314456820888
0.0009744428947099678
-5.780512949805763e-05
0.0005786583448894798
-0.0002243629693158654
0.0006440468402769823
-0.00016479096650784674
0.0012620252489849812
0.001087114969170719
0.0003179957033276938
0.0005179663717137096
0.0007294822135828135
0.0005001381850188753
-0.00025291123827854943
1.248178218709494e-05
0.0013177223399681857
0.0009120309956118977
-0.0003119868179168416
-8.45616817433915e-05
0.0014965089229380646
-3.8218430054960467e-05
7.357744522318787e-05
0.00096878327205557
0.001013189626031633
0.00025789892011170986
-0.0007488655829265199
0.00037626370780395255
-0.0006003976309240102
-0.00025203535726594367
0.0009185419995212735
-0.00041778368662581005
0.0007193123339812146
0.0003384523331949801
-4.91547523018435e-06
0.00042731161618125087
0.0003017841213484166
-0.0003062276880314579
0.0001824434229924164
0.0010217398392943192
0.0008029742559443601
-0.0006801073608465972
0.0011846533813515364
0.00044762635121964686
-0.00021171756890095954
-4.283733668613487e-05
0.00018651330422790892
-0.0001886057504018049
0.0006553657544349511
8.666669820081304e-05
-0.0002640866213893971
0.0003356234074228601
-0.00019905908859888926
0.0006586977014521716
-0.0005784427642410475
-0.0001431574138447034
0.0005928024332706882
-0.0002537484903616608
0.0006137644296622484
0.00027318323203506106
-9.493182956731957e-06
-0.00012900436717697825
0.0002709159194862323
0.00017330519146307603
9.731125120832393e-06
0.0013248688537295487
-0.0008144759145529784
-0.0004890040381436781
0.00044462110689674506
0.0003429954671297377
0.0006593593650934289
-0.0005089800368322014
2.8428501606811798e-05
-6.9991013082485454e-06
-0.0005806363480518416
0.00011942382459907876
0.0007016893807286352
0.0004220174838114042
2.4907115011853743e-05
0.0004954915316867027
0.0004455313390961591
-0.0005461321123806481
0.0007304263424377276
1.7012218870912597e-05
0.0007748423384178894
0.00042141581854332445
0.0008144684300613686
0.00010243752400577937
2.451203212711074e-05
0.0002840271098105945
0.00026266713695629647
-0.00013916153600007625
-8.838177887620423e-05
0.00017757170037621808
0.0002960834429367766
-0.00041287622033461216
9.192252690470612e-05
-0.00014731200418084174
8.093565137874776e-05
-0.0003320404790029261
0.00032148313449750977
-8.261917718536277e-05
-5.199113518983796e-05
-0.0002403259329323669
5.721284331904496e-05
0.0002145583459298688
-0.0004977391883081434
-0.0003845070898661153
-8.874252607244111e-05
0.00021505406829167188
9.478193040816907e-05
7.876535630772932e-05
0.0008712904165925537
0.00040299957049413687
-0.0003334052397677728
-0.00020793625912883212
-0.0004181383996457098
1.3688766479626508e-05
-0.00022765304602166198
6.148243573986389e-05
-0.0009850995116779011
0.00037953660607064786
0.0004984569175775405
0.0005582591754266738
3.6200796065303465e-05
1.689958937777843e-05
6.075722103749906e-05
-0.00014184524378689237
-0.00046998101625651557
0.0007211654894492046
-0.00028867377718312307
0.00013602233104167367
0.000975052650982889
0.0003218343526535676
0.0009263998754861165
1.7647285365692775e-05
-9.914398905468589e-05
-0.0008826014410482398
8.93722628544408e-05
-0.0005673950749771409
0.0008592675522848316
0.0002719527268669554
0.0001744934091364323
-0.0002694184904775451
-3.004078698793143e-05
-0.0002210414206160379
0.0007196811323074404
8.627598447058286e-05
0.0004348837747560712
-0.0004919863373846591
-5.1003590657030725e-05
0.0004137708763155257
0.0008913194918741545
0.0004567167313299511
0.0005192540356263163
-0.0003221985199570219
-8.806875531569025e-05
0.0006383640539575395
3.679434176400429e-05
-0.0001953189552131531
0.0007207794668048134
-2.9694008229519866e-05
-0.00019706205837967104
0.00036423327069183667
-0.00019313351685977214
0.0018535939060273334
0.0005441243632180499
0.00038508222735200373
0.0007419330464187972
0.0008622872273377278
-0.0002076228896578351
0.00029354316258899284
4.135928494758199e-05
0.0008007263569043336
3.1664021981686816e-05
0.00037771390128666624
0.00037663225419097915
-0.00015099194861095517
0.0002491717751721959
0.0003445115479904851
0.0005553740359722421
-0.0014824141140684782
-0.0003220464871764052
0.000334305669918164
0.0012287178162833055
0.00016106444812524236
0.00022934972167005775
-0.0002937488352354843
0.0005423167227282895
0.000455392346920779
0.0008097974936572312
-0.0001353342648546485
0.0013034536103999185
1.508085848518782e-05
-0.0003960282909703094
0.0009456792020857669
0.000832180903751392
0.0008302673891628604
-7.284794694460093e-07
-0.00031979665214438034
-0.0008543487566833922
0.0002337338105665079
-0.0005944504294573413
0.0007407798000823987
0.000794856016131042
0.0007485375205334346
0.0004394498223714592
0.00019143031010804965
0.0007119081343864946
-0.00019680808138842996
0.0001287851433345419
0.0012725862042406231
0.0005039036212637307
0.0005766138983971698
-0.000308043997060734
0.0008968682381569808
0.0005508808579231275
-0.00032945558910607526
0.00022023677472903462
-0.0003925840172761246
-1.0334978046440775e-05
0.0002991441276187347
-0.00021292957334907478
3.9989653775716574e-05
-0.0007141558269180534
0.000697617267081402
-0.0011143441697531768
-0.00025421769949096547
-0.002044161681617854
0.00024397421157533057
0.0010841170073234844
0.0009061515875468182
0.0006788025818591147
0.00044573304837707906
0.0007627489231346483
-0.0009837944176392303
0.00013205627387009172
-0.00020655031895097078
-0.0005501263230457735
0.00075381719275623
-0.0011292511601776547
0.0006468453195804871
-0.00014465132626322128
0.00018639024175074912
-8.02906314245607e-05
0.0009001163528863684
0.0005503425211250476
-0.000348252693658408
0.0001123548207466301
0.0011104259380344378
-0.0005143871809585705
0.0009509613115343469
0.00012191168213826007
0.0001968154759739341
0.0006927977319057723
0.0005835294650719852
-0.0001267319600492309
-0.00031323995383372136
-0.0002369170249696282
-5.753535149901965e-05
6.266352148008873e-05
0.0009206619550251428
0.001023982661713342
3.2922464902258693e-06
-0.00020433129167907565
-0.0006130739623754294
-0.0007583505863684618
-0.00026110464902186393
0.00023663134269336954
-0.00026636183967016636
-2.7597966449768535e-05
0.0008297888515650329
-3.7708923404747115e-06
0.0007677167529798662
-0.0003083880891749164
-0.0003019351542361282
0.00045947262916765563
-0.0003772248248315205
0.0005138486062260908
-3.148256053898331e-05
-0.00036632271964224015
0.00024533181003563096
-0.00013028987178734719
0.0007916956743870829
0.0011387602917711647
0.0011599965950174576
2.2671012260687942e-05
0.00039353918701556535
0.0011046222065250622
0.0007876379071252036
4.705652381205995e-05
0.00014880845500511735
-0.00020193662413850748
-0.000484258071994292
0.00030017004736456246
0.00014190813466535257
-0.0004897187822630267
-0.00011403897230482634
-0.0008125245887162621
0.0007588684526819435
0.00036497484462631014
-0.000635882154178482
-5.78829499552118e-05
0.00024032052627095984
0.00025379493482058043
0.00047630586450462983
-7.418528621809113e-05
2.354761155443979e-05
-2.6720282196750137e-05
0.000777793660540936
0.00034554926753964366
-4.6114232188967495e-05
0.0006038383978361333
1.802399836966125e-05
-0.0005617428860633131
0.00014254534945730408
1.410192680450469e-05
-0.00013080349823941433
-0.0003024957816231317
0.000618310114083456
0.000592155981056701
0.0011382477049637003
-0.0003228542139369832
0.000640389379977312
0.00019757254748625072
-0.00016687745085109892
-0.0008212372602413817
-0.00022730959119110754
0.00020876707375228613
7.018594150732387e-05
5.8814759075856075e-05
2.741336351511365e-05
-9.645099965409929e-05
7.318979814384047e-07
0.00015657201545364585
0.0002157243386746247
-0.00021625098496242838
0.0011298979692097794
-0.00014143651130422123
-0.00038013907485982915
0.0005558626088479905
-0.0003282373073019717
0.0010636353333533476
-7.281525096465196e-05
0.0003975551950546269
0.0002602123085168834
0.00052358394184348
0.0008649632918658323
0.00019194238481177962
-0.00029825623898988187
9.938506700907007e-06
-0.0002025662647555895
-3.866299509253651e-06
0.0008737611547871059
0.0003729996372785326
0.0005411148765444696
-6.334395889610509e-05
0.0013740373383481508
0.0007547872703732991
0.00048510042795565656
-0.0009098798053424548
0.00010353476352107304
0.00023611001401667518
