[alpha, beta]
[1. 1.]
[4.703 2.297]
[8.432 3.568]
[12.191  4.809]
[15.982  6.018]
[19.691  7.309]
[23.449  8.551]
[27.151  9.849]
[30.914 11.086]
[34.71 12.29]
[38.456 13.544]
[42.214 14.786]
[45.904 16.096]
[49.623 17.377]
[53.381 18.619]
[57.041 19.959]
[60.791 21.209]
[64.535 22.465]
[68.227 23.773]
[71.975 25.025]
[75.69 26.31]
[79.442 27.558]
[83.186 28.814]
[86.948 30.052]
[90.729 31.271]
[94.54 32.46]
[98.302 33.698]
[102.016  34.984]
[105.835  36.165]
[109.596  37.404]
[113.321  38.679]
[117.07  39.93]
[120.808  41.192]
[124.557  42.443]
[128.27  43.73]
[132.064  44.936]
[135.82  46.18]
[139.575  47.425]
[143.386  48.614]
[147.143  49.857]
[150.904  51.096]
[154.666  52.334]
[158.464  53.536]
[162.214  54.786]
[166.  56.]
[169.812  57.188]
[173.586  58.414]
[177.36  59.64]
[181.072  60.928]
[184.817  62.183]
[188.486  63.514]
[192.277  64.723]
[195.975  66.025]
[199.732  67.268]
[203.457  68.543]
[207.219  69.781]
[210.967  71.033]
[214.685  72.315]
[218.468  73.532]
[222.213  74.787]
[225.958  76.042]
[229.701  77.299]
[233.444  78.556]
[237.189  79.811]
[240.933  81.067]
[244.685  82.315]
[248.373  83.627]
[252.059  84.941]
[255.871  86.129]
[259.691  87.309]
[263.424  88.576]
[267.196  89.804]
[270.899  91.101]
[274.672  92.328]
[278.362  93.638]
[282.089  94.911]
[285.826  96.174]
[289.551  97.449]
[293.297  98.703]
[297.086  99.914]
[300.851 101.149]
[304.575 102.425]
[308.368 103.632]
[312.12 104.88]
[315.836 106.164]
[319.607 107.393]
[323.371 108.629]
[327.075 109.925]
[330.786 111.214]
[334.548 112.452]
[338.258 113.742]
[341.947 115.053]
[345.673 116.327]
[349.385 117.615]
[353.122 118.878]
[356.884 120.116]
[360.634 121.366]
[364.369 122.631]
[368.127 123.873]
[371.899 125.101]
[375.665 126.335]
[379.431 127.569]
[383.28 128.72]
[387.012 129.988]
[390.782 131.218]
[394.491 132.509]
[398.215 133.785]
[401.982 135.018]
[405.703 136.297]
[409.409 137.591]
[413.131 138.869]
[416.889 140.111]
[420.641 141.359]
[424.372 142.628]
[428.102 143.898]
[431.804 145.196]
[435.574 146.426]
[439.287 147.713]
[443.051 148.949]
[446.816 150.184]
[450.605 151.395]
[454.319 152.681]
[458.066 153.934]
[461.782 155.218]
[465.525 156.475]
[469.259 157.741]
[472.987 159.013]
[476.718 160.282]
[480.431 161.569]
[484.189 162.811]
[487.962 164.038]
[491.747 165.253]
[495.47 166.53]
[499.214 167.786]
[502.953 169.047]
[506.68 170.32]
[510.439 171.561]
[514.219 172.781]
[517.964 174.036]
[521.693 175.307]
[525.411 176.589]
[529.17 177.83]
[532.955 179.045]
[536.709 180.291]
[540.476 181.524]
[544.237 182.763]
[547.964 184.036]
[551.682 185.318]
[555.421 186.579]
[559.223 187.777]
[562.975 189.025]
[566.661 190.339]
[570.482 191.518]
[574.251 192.749]
[577.953 194.047]
[581.744 195.256]
[585.497 196.503]
[589.191 197.809]
[592.93 199.07]
[596.668 200.332]
[600.408 201.592]
[604.115 202.885]
[607.915 204.085]
[611.636 205.364]
[615.347 206.653]
[619.1 207.9]
[622.88 209.12]
[626.577 210.423]
[630.331 211.669]
[634.062 212.938]
[637.807 214.193]
[641.512 215.488]
[645.271 216.729]
[649.057 217.943]
[652.777 219.223]
[656.519 220.481]
[660.242 221.758]
[663.966 223.034]
[667.756 224.244]
[671.529 225.471]
[675.307 226.693]
[679.091 227.909]
[682.803 229.197]
[686.562 230.438]
[690.23 231.77]
[693.961 233.039]
[697.635 234.365]
[701.378 235.622]
[705.096 236.904]
[708.884 238.116]
[712.671 239.329]
[716.415 240.585]
[720.149 241.851]
[723.854 243.146]
[727.63 244.37]
[731.395 245.605]
[735.167 246.833]
[738.921 248.079]
[742.621 249.379]
[746.345 250.655]
[750.092 251.908]
[753.894 253.106]
[757.589 254.411]
[761.405 255.595]
[765.184 256.816]
[768.882 258.118]
[772.648 259.352]
[776.353 260.647]
[780.076 261.924]
[783.81 263.19]
[787.58 264.42]
[791.352 265.648]
[795.088 266.912]
[798.838 268.162]
[802.543 269.457]
[806.315 270.685]
[810.065 271.935]
[813.812 273.188]
[817.564 274.436]
[821.376 275.624]
[825.126 276.874]
[828.879 278.121]
[832.685 279.315]
[836.47 280.53]
[840.232 281.768]
[844.013 282.987]
[847.682 284.318]
[851.444 285.556]
[855.172 286.828]
[858.923 288.077]
[862.661 289.339]
[866.395 290.605]
[870.188 291.812]
[873.935 293.065]
[877.681 294.319]
[881.395 295.605]
[885.129 296.871]
[888.891 298.109]
[892.584 299.416]
[896.322 300.678]
[900.07 301.93]
[903.858 303.142]
[907.598 304.402]
[911.369 305.631]
[915.123 306.877]
[918.817 308.183]
[922.587 309.413]
[926.3 310.7]
[930.016 311.984]
[933.795 313.205]
[937.539 314.461]
[941.287 315.713]
[945.046 316.954]
[948.794 318.206]
[952.548 319.452]
[956.315 320.685]
[960.099 321.901]
[963.801 323.199]
[967.549 324.451]
[971.259 325.741]
[975.016 326.984]
[978.759 328.241]
[982.531 329.469]
[986.264 330.736]
[990.017 331.983]
[993.752 333.248]
[997.465 334.535]
[1001.198  335.802]
[1004.968  337.032]
[1008.783  338.217]
[1012.578  339.422]
[1016.34  340.66]
[1020.032  341.968]
[1023.815  343.185]
[1027.564  344.436]
[1031.33  345.67]
[1035.131  346.869]
[1038.869  348.131]
[1042.609  349.391]
[1046.356  350.644]
[1050.071  351.929]
[1053.807  353.193]
[1057.492  354.508]
[1061.253  355.747]
[1064.954  357.046]
[1068.685  358.315]
[1072.453  359.547]
[1076.225  360.775]
[1079.981  362.019]
[1083.729  363.271]
[1087.444  364.556]
[1091.175  365.825]
[1094.897  367.103]
[1098.633  368.367]
[1102.337  369.663]
[1106.105  370.895]
[1109.859  372.141]
[1113.681  373.319]
[1117.426  374.574]
[1121.198  375.802]
[1124.982  377.018]
[1128.753  378.247]
[1132.552  379.448]
[1136.264  380.736]
[1139.996  382.004]
[1143.731  383.269]
[1147.525  384.475]
[1151.264  385.736]
[1154.972  387.028]
[1158.72  388.28]
[1162.464  389.536]
[1166.204  390.796]
[1169.961  392.039]
[1173.7  393.3]
[1177.478  394.522]
[1181.202  395.798]
[1184.95  397.05]
[1188.776  398.224]
[1192.524  399.476]
[1196.28  400.72]
[1200.071  401.929]
[1203.836  403.164]
[1207.583  404.417]
[1211.358  405.642]
[1215.13  406.87]
[1218.876  408.124]
[1222.618  409.382]
[1226.418  410.582]
[1230.164  411.836]
[1233.87  413.13]
[1237.6  414.4]
[1241.324  415.676]
[1245.07  416.93]
[1248.816  418.184]
[1252.547  419.453]
[1256.251  420.749]
[1260.026  421.974]
[1263.783  423.217]
[1267.491  424.509]
[1271.249  425.751]
[1275.036  426.964]
[1278.773  428.227]
[1282.526  429.474]
[1286.305  430.695]
[1290.046  431.954]
[1293.827  433.173]
[1297.586  434.414]
[1301.385  435.615]
[1305.085  436.915]
[1308.807  438.193]
[1312.531  439.469]
[1316.341  440.659]
[1320.178  441.822]
[1323.973  443.027]
[1327.727  444.273]
[1331.425  445.575]
[1335.127  446.873]
[1338.916  448.084]
[1342.689  449.311]
[1346.457  450.543]
[1350.234  451.766]
[1353.986  453.014]
[1357.766  454.234]
[1361.512  455.488]
[1365.219  456.781]
[1368.997  458.003]
[1372.797  459.203]
[1376.561  460.439]
[1380.338  461.662]
[1384.115  462.885]
[1387.849  464.151]
[1391.644  465.356]
[1395.442  466.558]
[1399.188  467.812]
[1402.952  469.048]
[1406.701  470.299]
[1410.42  471.58]
[1414.114  472.886]
[1417.865  474.135]
[1421.587  475.413]
[1425.39  476.61]
[1429.134  477.866]
[1432.863  479.137]
[1436.621  480.379]
[1440.418  481.582]
[1444.177  482.823]
[1447.932  484.068]
[1451.649  485.351]
[1455.412  486.588]
[1459.2  487.8]
[1462.926  489.074]
[1466.662  490.338]
[1470.428  491.572]
[1474.186  492.814]
[1477.885  494.115]
[1481.651  495.349]
[1485.396  496.604]
[1489.173  497.827]
[1492.89  499.11]
[1496.692  500.308]
[1500.415  501.585]
[1504.159  502.841]
[1507.841  504.159]
[1511.597  505.403]
[1515.316  506.684]
[1519.131  507.869]
[1522.873  509.127]
[1526.675  510.325]
[1530.421  511.579]
[1534.204  512.796]
[1537.936  514.064]
[1541.697  515.303]
[1545.461  516.539]
[1549.207  517.793]
[1552.974  519.026]
[1556.729  520.271]
[1560.439  521.561]
[1564.192  522.808]
[1567.929  524.071]
[1571.694  525.306]
[1575.444  526.556]
[1579.211  527.789]
[1583.031  528.969]
[1586.791  530.209]
[1590.535  531.465]
[1594.322  532.678]
[1598.11  533.89]
[1601.856  535.144]
[1605.553  536.447]
[1609.327  537.673]
[1613.076  538.924]
[1616.808  540.192]
[1620.543  541.457]
[1624.323  542.677]
[1628.116  543.884]
[1631.85  545.15]
[1635.612  546.388]
[1639.359  547.641]
[1643.144  548.856]
[1646.879  550.121]
[1650.643  551.357]
[1654.379  552.621]
[1658.197  553.803]
[1661.925  555.075]
[1665.707  556.293]
[1669.494  557.506]
[1673.227  558.773]
[1677.005  559.995]
[1680.718  561.282]
[1684.45  562.55]
[1688.178  563.822]
[1691.906  565.094]
[1695.661  566.339]
[1699.387  567.613]
[1703.151  568.849]
[1706.997  570.003]
[1710.786  571.214]
[1714.557  572.443]
[1718.319  573.681]
[1722.005  574.995]
[1725.765  576.235]
[1729.532  577.468]
[1733.267  578.733]
[1737.021  579.979]
[1740.777  581.223]
[1744.51  582.49]
[1748.242  583.758]
[1751.998  585.002]
[1755.703  586.297]
[1759.511  587.489]
[1763.283  588.717]
[1767.037  589.963]
[1770.805  591.195]
[1774.536  592.464]
[1778.266  593.734]
[1782.021  594.979]
[1785.765  596.235]
[1789.517  597.483]
[1793.235  598.765]
[1796.971  600.029]
[1800.704  601.296]
[1804.45  602.55]
[1808.144  603.856]
[1811.91  605.09]
[1815.68  606.32]
[1819.461  607.539]
[1823.144  608.856]
[1826.871  610.129]
[1830.548  611.452]
[1834.309  612.691]
[1837.96  614.04]
[1841.684  615.316]
[1845.454  616.546]
[1849.151  617.849]
[1852.874  619.126]
[1856.662  620.338]
[1860.399  621.601]
[1864.139  622.861]
[1867.842  624.158]
[1871.566  625.434]
[1875.353  626.647]
[1876.107  626.893]
[1876.852  627.148]
[1877.637  627.363]
[1878.386  627.614]
[1879.155  627.845]
[1879.901  628.099]
[1880.643  628.357]
[1881.4  628.6]
[1882.147  628.853]
[1882.89  629.11]
[1883.644  629.356]
[1884.382  629.618]
[1885.155  629.845]
[1885.927  630.073]
[1886.684  630.316]
[1887.444  630.556]
[1888.211  630.789]
[1888.948  631.052]
[1889.693  631.307]
[1890.43  631.57]
[1891.178  631.822]
[1891.912  632.088]
[1892.668  632.332]
[1893.409  632.591]
[1894.159  632.841]
[1894.906  633.094]
[1895.651  633.349]
[1896.4  633.6]
[1897.15  633.85]
[1897.908  634.092]
[1898.636  634.364]
[1899.368  634.632]
[1900.124  634.876]
[1900.858  635.142]
[1901.626  635.374]
[1902.375  635.625]
[1903.099  635.901]
[1903.856  636.144]
[1904.62  636.38]
[1905.393  636.607]
[1906.166  636.834]
[1906.919  637.081]
[1907.67  637.33]
[1908.441  637.559]
[1909.197  637.803]
[1909.955  638.045]
[1910.712  638.288]
[1911.466  638.534]
[1912.225  638.775]
[1912.975  639.025]
[1913.733  639.267]
[1914.473  639.527]
[1915.212  639.788]
[1915.952  640.048]
[1916.723  640.277]
[1917.499  640.501]
[1918.244  640.756]
[1918.998  641.002]
[1919.755  641.245]
[1920.495  641.505]
[1921.242  641.758]
[1921.992  642.008]
[1922.742  642.258]
[1923.475  642.525]
[1924.224  642.776]
[1924.976  643.024]
[1925.718  643.282]
[1926.435  643.565]
[1927.201  643.799]
[1927.947  644.053]
[1928.692  644.308]
[1929.443  644.557]
[1930.176  644.824]
[1930.946  645.054]
[1931.68  645.32]
[1932.405  645.595]
[1933.141  645.859]
[1933.908  646.092]
[1934.663  646.337]
[1935.418  646.582]
[1936.16  646.84]
[1936.903  647.097]
[1937.642  647.358]
[1938.41  647.59]
[1939.158  647.842]
[1939.897  648.103]
[1940.669  648.331]
[1941.417  648.583]
[1942.155  648.845]
[1942.929  649.071]
[1943.676  649.324]
[1944.406  649.594]
[1945.16  649.84]
[1945.884  650.116]
[1946.628  650.372]
[1947.347  650.653]
[1948.104  650.896]
[1948.827  651.173]
[1949.576  651.424]
[1950.32  651.68]
[1951.067  651.933]
[1951.803  652.197]
[1952.573  652.427]
[1953.336  652.664]
[1954.094  652.906]
[1954.849  653.151]
[1955.568  653.432]
[1956.314  653.686]
[1957.052  653.948]
[1957.794  654.206]
[1958.549  654.451]
[1959.296  654.704]
[1960.024  654.976]
[1960.805  655.195]
[1961.523  655.477]
[1962.298  655.702]
[1963.028  655.972]
[1963.761  656.239]
[1964.512  656.488]
[1965.269  656.731]
[1966.004  656.996]
[1966.766  657.234]
[1967.509  657.491]
[1968.236  657.764]
[1968.97  658.03]
[1969.712  658.288]
[1970.47  658.53]
[1971.221  658.779]
[1971.986  659.014]
[1972.718  659.282]
[1973.475  659.525]
[1974.215  659.785]
[1974.965  660.035]
[1975.701  660.299]
[1976.451  660.549]
[1977.205  660.795]
[1977.96  661.04]
[1978.704  661.296]
[1979.451  661.549]
[1980.199  661.801]
[1980.96  662.04]
[1981.72  662.28]
[1982.434  662.566]
[1983.18  662.82]
[1983.922  663.078]
[1984.673  663.327]
[1985.417  663.583]
[1986.156  663.844]
[1986.919  664.081]
[1987.671  664.329]
[1988.407  664.593]
[1989.156  664.844]
[1989.908  665.092]
[1990.666  665.334]
[1991.425  665.575]
[1992.185  665.815]
[1992.92  666.08]
[1993.666  666.334]
[1994.403  666.597]
[1995.128  666.872]
[1995.89  667.11]
[1996.63  667.37]
[1997.38  667.62]
[1998.116  667.884]
[1998.86  668.14]
[1999.611  668.389]
[2000.349  668.651]
[2001.123  668.877]
[2001.863  669.137]
[2002.599  669.401]
[2003.339  669.661]
[2004.082  669.918]
[2004.818  670.182]
[2005.563  670.437]
[2006.338  670.662]
[2007.076  670.924]
[2007.807  671.193]
[2008.546  671.454]
[2009.314  671.686]
[2010.077  671.923]
[2010.802  672.198]
[2011.569  672.431]
[2012.345  672.655]
[2013.094  672.906]
[2013.834  673.166]
[2014.572  673.428]
[2015.317  673.683]
[2016.049  673.951]
[2016.765  674.235]
[2017.522  674.478]
[2018.263  674.737]
[2019.015  674.985]
[2019.774  675.226]
[2020.531  675.469]
[2021.276  675.724]
[2022.001  675.999]
[2022.763  676.237]
[2023.496  676.504]
[2024.253  676.747]
[2025.019  676.981]
[2025.779  677.221]
[2026.529  677.471]
[2027.259  677.741]
[2028.008  677.992]
[2028.747  678.253]
[2029.486  678.514]
[2030.225  678.775]
[2030.962  679.038]
[2031.688  679.312]
[2032.434  679.566]
[2033.194  679.806]
[2033.933  680.067]
[2034.696  680.304]
[2035.448  680.552]
[2036.207  680.793]
[2036.958  681.042]
[2037.731  681.269]
[2038.487  681.513]
[2039.226  681.774]
[2039.968  682.032]
[2040.724  682.276]
[2041.442  682.558]
[2042.189  682.811]
[2042.935  683.065]
[2043.681  683.319]
[2044.423  683.577]
[2045.187  683.813]
[2045.939  684.061]
[2046.684  684.316]
[2047.415  684.585]
[2048.154  684.846]
[2048.9  685.1]
[2049.651  685.349]
[2050.383  685.617]
[2051.125  685.875]
[2051.869  686.131]
[2052.652  686.348]
[2053.403  686.597]
[2054.162  686.838]
[2054.932  687.068]
[2055.677  687.323]
[2056.415  687.585]
[2057.147  687.853]
[2057.906  688.094]
[2058.636  688.364]
[2059.362  688.638]
[2060.099  688.901]
[2060.855  689.145]
[2061.608  689.392]
[2062.377  689.623]
[2063.113  689.887]
[2063.864  690.136]
[2064.603  690.397]
[2065.333  690.667]
[2066.107  690.893]
[2066.851  691.149]
[2067.634  691.366]
[2068.405  691.595]
[2069.153  691.847]
[2069.904  692.096]
[2070.657  692.343]
[2071.422  692.578]
[2072.171  692.829]
[2072.902  693.098]
[2073.683  693.317]
[2074.445  693.555]
[2075.208  693.792]
[2075.934  694.066]
[2076.662  694.338]
[2077.432  694.568]
[2078.196  694.804]
[2078.933  695.067]
[2079.707  695.293]
[2080.439  695.561]
[2081.178  695.822]
[2081.967  696.033]
[2082.707  696.293]
[2083.447  696.553]
[2084.186  696.814]
[2084.968  697.032]
[2085.72  697.28]
[2086.457  697.543]
[2087.243  697.757]
[2088.  698.]
[2088.737  698.263]
[2089.475  698.525]
[2090.251  698.749]
[2091.004  698.996]
[2091.745  699.255]
[2092.502  699.498]
[2093.249  699.751]
[2093.994  700.006]
[2094.73  700.27]
[2095.506  700.494]
[2096.292  700.708]
[2097.043  700.957]
[2097.795  701.205]
[2098.547  701.453]
[2099.29  701.71]
[2100.042  701.958]
[2100.786  702.214]
[2101.545  702.455]
[2102.306  702.694]
[2103.06  702.94]
[2103.819  703.181]
[2104.585  703.415]
[2105.329  703.671]
[2106.053  703.947]
[2106.819  704.181]
[2107.562  704.438]
[2108.319  704.681]
[2109.097  704.903]
[2109.824  705.176]
[2110.557  705.443]
[2111.307  705.693]
[2112.045  705.955]
[2112.8  706.2]
[2113.543  706.457]
[2114.318  706.682]
[2115.065  706.935]
[2115.798  707.202]
[2116.555  707.445]
[2117.312  707.688]
[2118.05  707.95]
[2118.817  708.183]
[2119.564  708.436]
[2120.324  708.676]
[2121.065  708.935]
[2121.805  709.195]
[2122.553  709.447]
[2123.322  709.678]
[2124.073  709.927]
[2124.81  710.19]
[2125.55  710.45]
[2126.311  710.689]
[2127.056  710.944]
[2127.794  711.206]
[2128.57  711.43]
[2129.323  711.677]
[2130.081  711.919]
[2130.823  712.177]
[2131.584  712.416]
[2132.331  712.669]
[2133.059  712.941]
[2133.782  713.218]
[2134.535  713.465]
[2135.261  713.739]
[2136.008  713.992]
[2136.759  714.241]
[2137.468  714.532]
[2138.214  714.786]
[2138.961  715.039]
[2139.663  715.337]
[2140.413  715.587]
[2141.165  715.835]
[2141.919  716.081]
[2142.67  716.33]
[2143.417  716.583]
[2144.146  716.854]
[2144.915  717.085]
[2145.641  717.359]
[2146.359  717.641]
[2147.107  717.893]
[2147.848  718.152]
[2148.606  718.394]
[2149.363  718.637]
[2150.107  718.893]
[2150.858  719.142]
[2151.617  719.383]
[2152.35  719.65]
[2153.126  719.874]
[2153.889  720.111]
[2154.654  720.346]
[2155.4  720.6]
[2156.123  720.877]
[2156.851  721.149]
[2157.597  721.403]
[2158.344  721.656]
[2159.081  721.919]
[2159.824  722.176]
[2160.591  722.409]
[2161.349  722.651]
[2162.1  722.9]
[2162.865  723.135]
[2163.618  723.382]
[2164.357  723.643]
[2165.103  723.897]
[2165.829  724.171]
[2166.576  724.424]
[2167.321  724.679]
[2168.06  724.94]
[2168.776  725.224]
[2169.52  725.48]
[2170.277  725.723]
[2170.996  726.004]
[2171.736  726.264]
[2172.491  726.509]
[2173.236  726.764]
[2173.983  727.017]
[2174.739  727.261]
[2175.488  727.512]
[2176.231  727.769]
[2176.98  728.02]
[2177.727  728.273]
[2178.458  728.542]
[2179.197  728.803]
[2179.932  729.068]
[2180.681  729.319]
[2181.436  729.564]
[2182.18  729.82]
[2182.92  730.08]
[2183.664  730.336]
[2184.4  730.6]
[2185.155  730.845]
[2185.917  731.083]
[2186.669  731.331]
[2187.406  731.594]
[2188.183  731.817]
[2188.932  732.068]
[2189.675  732.325]
[2190.419  732.581]
[2191.16  732.84]
[2191.913  733.087]
[2192.665  733.335]
[2193.412  733.588]
[2194.163  733.837]
[2194.911  734.089]
[2195.663  734.337]
[2196.412  734.588]
[2197.184  734.816]
[2197.935  735.065]
[2198.694  735.306]
[2199.438  735.562]
[2200.208  735.792]
[2200.966  736.034]
[2201.71  736.29]
[2202.452  736.548]
[2203.195  736.805]
[2203.944  737.056]
[2204.697  737.303]
[2205.46  737.54]
[2206.232  737.768]
[2206.998  738.002]
[2207.746  738.254]
[2208.5  738.5]
[2209.258  738.742]
[2210.016  738.984]
[2210.764  739.236]
[2211.517  739.483]
[2212.271  739.729]
[2213.025  739.975]
[2213.771  740.229]
[2214.521  740.479]
[2215.281  740.719]
[2216.022  740.978]
[2216.764  741.236]
[2217.517  741.483]
[2218.242  741.758]
[2218.988  742.012]
[2219.707  742.293]
[2220.455  742.545]
[2221.209  742.791]
[2221.969  743.031]
[2222.719  743.281]
[2223.462  743.538]
[2224.221  743.779]
[2224.95  744.05]
[2225.695  744.305]
[2226.443  744.557]
[2227.193  744.807]
[2227.939  745.061]
[2228.678  745.322]
[2229.414  745.586]
[2230.154  745.846]
[2230.93  746.07]
[2231.676  746.324]
[2232.415  746.585]
[2233.168  746.832]
[2233.928  747.072]
[2234.687  747.313]
[2235.433  747.567]
[2236.181  747.819]
[2236.926  748.074]
[2237.676  748.324]
[2238.427  748.573]
[2239.166  748.834]
[2239.917  749.083]
[2240.639  749.361]
[2241.391  749.609]
[2242.18  749.82]
[2242.939  750.061]
[2243.701  750.299]
[2244.459  750.541]
[2245.202  750.798]
[2245.944  751.056]
[2246.689  751.311]
[2247.453  751.547]
[2248.212  751.788]
[2248.966  752.034]
[2249.737  752.263]
