diff 0.0009899376035939057

p_true 0.7081500572450852
E[p]     0.7076502732240437
true prices -0.3450992624842214 -1.2315155034779282
exp  prices -0.34608761760380746 -1.2314595515646698

beta params 518.0 214.0


1.0 1.0
5.0 2.0
8.0 4.0
11.0 6.0
15.0 7.0
20.0 7.0
23.0 9.0
24.0 13.0
27.0 13.0
30.0 15.0
33.0 15.0
36.0 17.0
39.0 19.0
44.0 19.0
48.0 20.0
52.0 21.0
53.0 21.0
56.0 23.0
56.0 23.0
57.0 23.0
57.0 23.0
61.0 24.0
64.0 26.0
68.0 27.0
71.0 29.0
74.0 31.0
74.0 31.0
76.0 31.0
76.0 31.0
76.0 31.0
76.0 31.0
79.0 33.0
84.0 33.0
87.0 35.0
91.0 36.0
96.0 36.0
96.0 36.0
96.0 36.0
96.0 36.0
96.0 36.0
96.0 36.0
99.0 38.0
104.0 38.0
108.0 39.0
113.0 39.0
118.0 39.0
118.0 39.0
118.0 39.0
118.0 39.0
118.0 39.0
118.0 39.0
121.0 41.0
123.0 44.0
125.0 47.0
128.0 49.0
129.0 53.0
129.0 53.0
129.0 53.0
129.0 53.0
129.0 53.0
129.0 53.0
133.0 54.0
135.0 57.0
140.0 57.0
142.0 60.0
146.0 61.0
146.0 61.0
146.0 61.0
146.0 61.0
146.0 61.0
146.0 61.0
151.0 61.0
153.0 64.0
158.0 64.0
161.0 66.0
165.0 67.0
165.0 67.0
165.0 67.0
165.0 67.0
165.0 67.0
165.0 67.0
168.0 69.0
173.0 69.0
177.0 70.0
182.0 70.0
185.0 72.0
185.0 72.0
185.0 72.0
185.0 72.0
185.0 72.0
185.0 72.0
188.0 74.0
190.0 77.0
194.0 78.0
198.0 79.0
201.0 81.0
201.0 81.0
201.0 81.0
201.0 81.0
201.0 81.0
201.0 81.0
204.0 83.0
207.0 85.0
212.0 85.0
217.0 85.0
220.0 87.0
220.0 87.0
220.0 87.0
220.0 87.0
220.0 87.0
220.0 87.0
223.0 89.0
226.0 91.0
227.0 95.0
230.0 97.0
232.0 100.0
232.0 100.0
232.0 100.0
232.0 100.0
232.0 100.0
232.0 100.0
236.0 101.0
241.0 101.0
246.0 101.0
249.0 103.0
253.0 104.0
253.0 104.0
253.0 104.0
253.0 104.0
253.0 104.0
253.0 104.0
258.0 104.0
260.0 107.0
263.0 109.0
267.0 110.0
272.0 110.0
272.0 110.0
272.0 110.0
272.0 110.0
272.0 110.0
272.0 110.0
277.0 110.0
279.0 113.0
282.0 115.0
285.0 117.0
288.0 119.0
288.0 119.0
288.0 119.0
288.0 119.0
288.0 119.0
288.0 119.0
293.0 119.0
295.0 122.0
298.0 124.0
302.0 125.0
307.0 125.0
307.0 125.0
307.0 125.0
307.0 125.0
307.0 125.0
307.0 125.0
311.0 126.0
315.0 127.0
318.0 129.0
321.0 131.0
326.0 131.0
326.0 131.0
326.0 131.0
326.0 131.0
326.0 131.0
326.0 131.0
329.0 133.0
334.0 133.0
336.0 136.0
339.0 138.0
343.0 139.0
343.0 139.0
343.0 139.0
343.0 139.0
343.0 139.0
343.0 139.0
346.0 141.0
349.0 143.0
352.0 145.0
356.0 146.0
359.0 148.0
359.0 148.0
359.0 148.0
359.0 148.0
359.0 148.0
359.0 148.0
364.0 148.0
368.0 149.0
372.0 150.0
374.0 153.0
378.0 154.0
378.0 154.0
378.0 154.0
378.0 154.0
378.0 154.0
378.0 154.0
382.0 155.0
386.0 156.0
389.0 158.0
393.0 159.0
398.0 159.0
398.0 159.0
398.0 159.0
398.0 159.0
398.0 159.0
398.0 159.0
402.0 160.0
406.0 161.0
406.0 166.0
409.0 168.0
412.0 170.0
412.0 170.0
412.0 170.0
412.0 170.0
412.0 170.0
412.0 170.0
417.0 170.0
420.0 172.0
424.0 173.0
428.0 174.0
431.0 176.0
431.0 176.0
431.0 176.0
431.0 176.0
431.0 176.0
431.0 176.0
434.0 178.0
438.0 179.0
442.0 180.0
444.0 183.0
447.0 185.0
447.0 185.0
447.0 185.0
447.0 185.0
447.0 185.0
447.0 185.0
450.0 187.0
454.0 188.0
456.0 191.0
459.0 193.0
462.0 195.0
462.0 195.0
462.0 195.0
462.0 195.0
462.0 195.0
462.0 195.0
464.0 198.0
468.0 199.0
472.0 200.0
476.0 201.0
481.0 201.0
481.0 201.0
481.0 201.0
481.0 201.0
481.0 201.0
481.0 201.0
485.0 202.0
487.0 205.0
492.0 205.0
497.0 205.0
501.0 206.0
501.0 206.0
501.0 206.0
501.0 206.0
501.0 206.0
501.0 206.0
505.0 207.0
508.0 209.0
510.0 212.0
515.0 212.0
518.0 214.0
518.0 214.0
518.0 214.0
518.0 214.0
518.0 214.0
518.0 214.0