diff 0.0014963786070572875

p_true 0.3352391938811249
E[p]     0.3359073359073359
true prices -1.0929109903566228 -0.4083279930770682
exp  prices -1.0928306971744999 -0.40982221593212137

beta params 174.0 344.0


1.0 1.0
3.0 4.0
5.0 7.0
7.0 10.0
8.0 14.0
10.0 17.0
13.0 19.0
13.0 23.0
13.0 28.0
16.0 30.0
18.0 33.0
20.0 36.0
23.0 38.0
26.0 40.0
28.0 43.0
30.0 46.0
32.0 49.0
32.0 49.0
32.0 49.0
34.0 51.0
34.0 53.0
34.0 58.0
37.0 60.0
39.0 63.0
41.0 66.0
45.0 67.0
47.0 70.0
47.0 70.0
47.0 70.0
47.0 70.0
47.0 70.0
49.0 73.0
52.0 75.0
52.0 80.0
53.0 84.0
55.0 87.0
55.0 88.0
55.0 88.0
55.0 88.0
55.0 88.0
55.0 88.0
55.0 93.0
57.0 96.0
58.0 100.0
60.0 103.0
62.0 106.0
62.0 106.0
62.0 106.0
62.0 106.0
62.0 106.0
62.0 106.0
63.0 110.0
65.0 113.0
65.0 118.0
68.0 120.0
71.0 122.0
71.0 122.0
71.0 122.0
71.0 122.0
71.0 122.0
71.0 122.0
74.0 124.0
75.0 128.0
75.0 133.0
75.0 138.0
78.0 140.0
78.0 140.0
78.0 140.0
78.0 140.0
78.0 140.0
78.0 140.0
79.0 144.0
82.0 146.0
84.0 149.0
85.0 153.0
86.0 157.0
86.0 157.0
86.0 157.0
86.0 157.0
86.0 157.0
86.0 157.0
88.0 160.0
89.0 164.0
90.0 168.0
92.0 171.0
94.0 174.0
94.0 174.0
94.0 174.0
94.0 174.0
94.0 174.0
94.0 174.0
94.0 179.0
95.0 183.0
96.0 187.0
99.0 189.0
100.0 193.0
100.0 193.0
100.0 193.0
100.0 193.0
100.0 193.0
100.0 193.0
102.0 196.0
103.0 200.0
106.0 202.0
107.0 206.0
110.0 208.0
110.0 208.0
110.0 208.0
110.0 208.0
110.0 208.0
110.0 208.0
111.0 212.0
113.0 215.0
114.0 219.0
116.0 222.0
119.0 224.0
119.0 224.0
119.0 224.0
119.0 224.0
119.0 224.0
119.0 224.0
120.0 228.0
123.0 230.0
123.0 235.0
125.0 238.0
126.0 242.0
126.0 242.0
126.0 242.0
126.0 242.0
126.0 242.0
126.0 242.0
126.0 247.0
128.0 250.0
129.0 254.0
131.0 257.0
133.0 260.0
133.0 260.0
133.0 260.0
133.0 260.0
133.0 260.0
133.0 260.0
134.0 264.0
136.0 267.0
137.0 271.0
138.0 275.0
139.0 279.0
139.0 279.0
139.0 279.0
139.0 279.0
139.0 279.0
139.0 279.0
141.0 282.0
141.0 287.0
144.0 289.0
147.0 291.0
148.0 295.0
148.0 295.0
148.0 295.0
148.0 295.0
148.0 295.0
148.0 295.0
150.0 298.0
153.0 300.0
153.0 305.0
153.0 310.0
155.0 313.0
155.0 313.0
155.0 313.0
155.0 313.0
155.0 313.0
155.0 313.0
157.0 316.0
159.0 319.0
159.0 324.0
163.0 325.0
166.0 327.0
166.0 327.0
166.0 327.0
166.0 327.0
166.0 327.0
166.0 327.0
168.0 330.0
168.0 335.0
170.0 338.0
171.0 342.0
174.0 344.0
174.0 344.0
174.0 344.0
174.0 344.0
174.0 344.0
174.0 344.0