diff 0.001267953330623624

p_true 0.4026248274138033
E[p]     0.4027072758037225
true prices -0.909750099983326 -0.5152099331762245
exp  prices -0.9108013929709111 -0.5159187975517534

beta params 238.0 353.0


1.0 1.0
5.0 2.0
7.0 5.0
9.0 8.0
11.0 11.0
13.0 14.0
13.0 18.0
15.0 21.0
17.0 24.0
18.0 28.0
22.0 29.0
23.0 33.0
25.0 36.0
29.0 37.0
30.0 41.0
31.0 45.0
31.0 45.0
34.0 47.0
37.0 48.0
37.0 49.0
37.0 53.0
38.0 57.0
42.0 58.0
44.0 61.0
46.0 64.0
49.0 66.0
49.0 66.0
49.0 67.0
49.0 67.0
49.0 67.0
49.0 67.0
50.0 71.0
50.0 76.0
53.0 78.0
55.0 81.0
59.0 82.0
59.0 82.0
59.0 82.0
59.0 82.0
59.0 82.0
59.0 82.0
62.0 84.0
65.0 86.0
69.0 87.0
71.0 90.0
74.0 92.0
74.0 92.0
74.0 92.0
74.0 92.0
74.0 92.0
74.0 92.0
75.0 96.0
77.0 99.0
78.0 103.0
82.0 104.0
82.0 109.0
82.0 109.0
82.0 109.0
82.0 109.0
82.0 109.0
82.0 109.0
84.0 112.0
84.0 117.0
88.0 118.0
91.0 120.0
93.0 123.0
93.0 123.0
93.0 123.0
93.0 123.0
93.0 123.0
93.0 123.0
94.0 127.0
95.0 131.0
97.0 134.0
99.0 137.0
102.0 139.0
102.0 139.0
102.0 139.0
102.0 139.0
102.0 139.0
102.0 139.0
104.0 142.0
105.0 146.0
108.0 148.0
108.0 153.0
110.0 156.0
110.0 156.0
110.0 156.0
110.0 156.0
110.0 156.0
110.0 156.0
112.0 159.0
114.0 162.0
118.0 163.0
120.0 166.0
121.0 170.0
121.0 170.0
121.0 170.0
121.0 170.0
121.0 170.0
121.0 170.0
125.0 171.0
127.0 174.0
131.0 175.0
133.0 178.0
136.0 180.0
136.0 180.0
136.0 180.0
136.0 180.0
136.0 180.0
136.0 180.0
138.0 183.0
139.0 187.0
140.0 191.0
142.0 194.0
143.0 198.0
143.0 198.0
143.0 198.0
143.0 198.0
143.0 198.0
143.0 198.0
146.0 200.0
148.0 203.0
151.0 205.0
152.0 209.0
154.0 212.0
154.0 212.0
154.0 212.0
154.0 212.0
154.0 212.0
154.0 212.0
155.0 216.0
159.0 217.0
161.0 220.0
162.0 224.0
162.0 229.0
162.0 229.0
162.0 229.0
162.0 229.0
162.0 229.0
162.0 229.0
164.0 232.0
167.0 234.0
169.0 237.0
171.0 240.0
175.0 241.0
175.0 241.0
175.0 241.0
175.0 241.0
175.0 241.0
175.0 241.0
177.0 244.0
177.0 249.0
180.0 251.0
182.0 254.0
185.0 256.0
185.0 256.0
185.0 256.0
185.0 256.0
185.0 256.0
185.0 256.0
187.0 259.0
188.0 263.0
190.0 266.0
190.0 271.0
190.0 276.0
190.0 276.0
190.0 276.0
190.0 276.0
190.0 276.0
190.0 276.0
191.0 280.0
193.0 283.0
193.0 288.0
195.0 291.0
198.0 293.0
198.0 293.0
198.0 293.0
198.0 293.0
198.0 293.0
198.0 293.0
201.0 295.0
203.0 298.0
206.0 300.0
208.0 303.0
211.0 305.0
211.0 305.0
211.0 305.0
211.0 305.0
211.0 305.0
211.0 305.0
213.0 308.0
216.0 310.0
217.0 314.0
218.0 318.0
220.0 321.0
220.0 321.0
220.0 321.0
220.0 321.0
220.0 321.0
220.0 321.0
224.0 322.0
224.0 327.0
224.0 332.0
224.0 337.0
228.0 338.0
228.0 338.0
228.0 338.0
228.0 338.0
228.0 338.0
228.0 338.0
231.0 340.0
233.0 343.0
234.0 347.0
236.0 350.0
238.0 353.0
238.0 353.0
238.0 353.0
238.0 353.0
238.0 353.0
238.0 353.0