Sequence type:               high_first
High Budget:                 5 traders with 5 observations and inf budget
Low Budget:                  5 traders with 5 observations and 10 budget
Convergence criteria:        60 rounds or 0.001 change in L2 norm of share vector

CONFIDENCE INTERVALS:
Converged Params:           [[175.894 173.261]
 [173.171 166.152]
 [168.032 174.925]
 [173.606 171.106]
 [171.916 169.279]
 [174.969 166.916]
 [173.59  169.46 ]
 [177.351 179.033]
 [172.282 176.935]
 [174.922 172.223]
 [167.618 177.901]
 [167.01  172.128]
 [175.778 171.855]
 [178.155 173.414]
 [173.936 172.413]
 [171.908 178.811]
 [173.048 174.878]
 [170.468 169.357]
 [175.178 175.404]
 [175.981 174.372]
 [168.385 173.498]
 [176.68  170.962]
 [168.731 166.913]
 [171.633 177.683]
 [172.633 172.123]] \pm [[7.83073273 7.94332237]
 [7.77097258 7.46551956]
 [7.57216188 8.15231916]
 [7.83169568 7.70341211]
 [7.68536643 7.94988012]
 [7.80423762 7.76445606]
 [7.7502276  7.98229976]
 [7.73996972 8.16039307]
 [7.59846132 8.54282246]
 [7.7824603  7.71681926]
 [7.52967516 7.67511404]
 [7.75076589 7.93332696]
 [8.15097825 7.91106455]
 [7.92550011 7.65522121]
 [7.75129918 7.97175648]
 [7.69674544 8.19926622]
 [7.80573973 7.66041148]
 [7.77512038 7.73927426]
 [7.91307378 7.96571412]
 [7.83319944 7.64968029]
 [7.73955998 7.92688119]
 [7.79587569 7.73969493]
 [7.44259841 7.53992905]
 [8.05281553 7.79192337]
 [7.79170343 7.75555329]]
Average High Budget Comp:     9.82927770126744 \pm 0.0634149782843967
Average Low Budget Comp:      1.7896515567098912 \pm 0.045653874900915874
Individual High Budget Comp:  9.82927770126744 \pm 0.15150066961149994
Individual Low Budget Comp:   1.7896515567098912 \pm 0.05031879173916785
Budget for limited:           [10.         10.05718267 10.1236256  10.19309701 10.2639579  10.34111745
 10.40488386 10.47377377 10.54541206 10.60846253 10.67790534 10.750056
 10.81984918 10.89681542 10.97726729 11.04678076 11.12710091 11.20636436
 11.27994719 11.35673706 11.43110251 11.50801359 11.57525939 11.6502706
 11.72356121 11.78965156] \pm [0.         0.00900871 0.01288159 0.01584535 0.01841553 0.020449
 0.02265625 0.02449861 0.02643545 0.02827514 0.02991214 0.03145052
 0.032987   0.03454962 0.03594833 0.03752347 0.03888624 0.04023443
 0.04158239 0.04296716 0.04418391 0.04535356 0.04657194 0.04778892
 0.04898683 0.05031879]
Points Used:                  [5.751  5.8096 5.7414 5.8924 5.869  5.847  5.99   6.1218 6.0084 6.209
 6.2388 6.2226 6.1966 6.3588 6.3548 6.3838 6.4852 6.435  6.5014 6.5956
 6.6616 6.7884 6.8188 6.8332 6.8012] \pm [0.0692532  0.07101666 0.07030761 0.07203005 0.07230163 0.07286557
 0.07340717 0.07495797 0.07470624 0.07745408 0.0773968  0.07718842
 0.07821922 0.07992217 0.07959105 0.08110184 0.08238429 0.08119689
 0.08240581 0.08181849 0.08498848 0.08485521 0.08558702 0.08716593
 0.08503454]
Rounds:                       [11.736 11.331 11.49  11.53  11.394 11.426 11.444 11.951 11.687 11.564
 11.493 11.241 11.586 11.711 11.503 11.672 11.54  11.226 11.643 11.615
 11.263 11.468 10.982 11.526 11.35 ] \pm [0.41694274 0.41096222 0.41194472 0.41833536 0.40897251 0.40586922
 0.41608757 0.43235041 0.4187756  0.42400333 0.40366461 0.41418153
 0.41991875 0.41177486 0.4134717  0.41584538 0.40619977 0.40661816
 0.42314921 0.40715562 0.4074907  0.41412614 0.39632574 0.42600736
 0.4091544 ]
Avg diff:                     [0.09409142 0.09904557 0.10296325 0.09927771 0.10066403 0.1033686
 0.10371639 0.09635906 0.09626839 0.0954515  0.09696574 0.09814444
 0.10234689 0.09469824 0.10121055 0.09813998 0.09363283 0.09804093
 0.09391892 0.09478275 0.10029601 0.09554861 0.09986264 0.09459559
 0.09973333]