diff 0.5672361743232638

p_true 0.9323657972981587
E[p]     0.9583333333333334
true prices -0.07003005492775914 -2.6936414667585393
exp  prices -0.042710937654461927 -3.2602193901656378

beta params 138.0 6.0


1.0 1.0
6.0 1.0
11.0 1.0
15.0 2.0
20.0 2.0
24.0 3.0
27.0 3.0
30.0 3.0
33.0 3.0
37.0 4.0
40.0 4.0
45.0 4.0
50.0 4.0
55.0 4.0
60.0 4.0
65.0 4.0
65.0 4.0
65.0 4.0
65.0 4.0
65.0 4.0
65.0 4.0
70.0 4.0
75.0 4.0
80.0 4.0
84.0 5.0
89.0 5.0
89.0 5.0
89.0 5.0
89.0 5.0
89.0 5.0
89.0 5.0
94.0 5.0
99.0 5.0
104.0 5.0
109.0 5.0
114.0 5.0
114.0 5.0
114.0 5.0
114.0 5.0
114.0 5.0
114.0 5.0
118.0 6.0
123.0 6.0
128.0 6.0
133.0 6.0
138.0 6.0
138.0 6.0
138.0 6.0
138.0 6.0
138.0 6.0
138.0 6.0