diff 0.6521291580637002

p_true 0.06077711374366455
E[p]     0.11920529801324503
true prices -2.800541979563042 -0.06270246238541761
exp  prices -2.151628066003121 -0.12737990501588548

beta params 18.0 133.0


1.0 1.0
1.0 6.0
2.0 10.0
4.0 13.0
4.0 18.0
4.0 23.0
4.0 26.0
6.0 29.0
7.0 33.0
8.0 37.0
8.0 40.0
9.0 44.0
9.0 49.0
10.0 53.0
10.0 58.0
10.0 63.0
10.0 63.0
10.0 65.0
10.0 65.0
10.0 66.0
10.0 66.0
10.0 71.0
10.0 76.0
11.0 80.0
11.0 85.0
13.0 88.0
13.0 88.0
13.0 88.0
13.0 88.0
13.0 88.0
13.0 88.0
13.0 93.0
13.0 98.0
13.0 103.0
14.0 107.0
15.0 111.0
15.0 111.0
15.0 111.0
15.0 111.0
15.0 111.0
15.0 111.0
15.0 116.0
16.0 120.0
16.0 125.0
18.0 128.0
18.0 133.0
18.0 133.0
18.0 133.0
18.0 133.0
18.0 133.0
18.0 133.0