0.292882890856532
0.22795485975600113
0.1667964248711435
0.14340471888590473
0.09196396512670345
0.06912920336498209
0.09337850304447146
0.07755915618722535
0.03407681496264568
0.053772098102272084
0.0414771026502789
0.03179565954795961
0.034403384637746726
0.04522953534944344
0.030166414997683064
0.029836795876520845
0.019862852055190696
0.046461537544986886
0.018384893533021637
0.015634643962126223
0.02787024968881449
0.0175687732128019
0.005777860425223865
0.027651943038614915
0.01730538226851024
0.041443124841309194
0.021191991565776284
0.014429553849606353
0.014367294007364188
0.021656283291788262
0.02926716466775659
0.01628671468403884
0.027672404067511765
0.0189775161186693
0.0046493855723656
0.01419325603667046
0.021803854123036797
0.010169111978633887
0.006844932732171557
0.018066208407427314
0.004358551771856174
0.010881031627963068
0.007814996925692473
0.01313031435056533
0.015694124007369897
0.010587048783222738
0.011632946510967867
0.0037215078115726205
0.0034628345008497425
0.0067352075578856275
0.007469461974649738
0.009926369989313597
0.016536622981976525
0.011586957123265693
0.0020863760484094622
0.012220294981378665
0.01418380816414616
0.0038432173367996827
0.0093040397206635
0.00934557005261563
0.006691370379689309
-0.0022974818422343874
0.016366106493148472
0.011545749992910321
0.004555662377055854
0.007521232962378771
0.009174760416647871
0.01022031408183764
0.004717500126198332
0.00812370061810641
0.0006720725345808948
0.00982968527421286
0.008832192554522474
0.009990783614003759
0.0010586075962772158
0.009968487909788621
0.01028450804380744
0.006287035794143365
0.0005104303903140729
0.010089783405801234
0.013159587091060998
0.0003187505067931501
0.009487025125166453
0.002556064306720196
0.0016404108532766
0.007535662445213639
0.00532578621528345
0.005608119483550842
0.0064646663925700945
0.005068821603162461
0.007185702464143632
0.006223476316812435
0.006264913110333538
0.0060066871742638465
0.009322587816589045
0.0009258757460025242
0.001700735118288828
0.004996370058920145
0.002895004494613708
0.0022736777491487027
0.005016894183786974
0.004762857744382519
0.009812651345435396
0.0006927364732492199
0.0059125056524044605
0.005213109088656039
0.007099872678673889
0.008792271814449155
0.00029759523905346143
0.0008497965251213521
0.003971650097990797
0.004224227028465571
0.004348538032024016
0.002951092409152869
0.006646459209841456
0.003987414057661761
0.007472735264429127
0.004696570180015955
0.002885839925318177
0.0028184801227012553
0.006556281073170381
0.006406993347473005
0.0038484692486354653
0.0012058688023690205
0.0020010615966044028
0.0035549185090572605
0.0015539887990103625
0.0018732253523558666
0.008506401769845594
0.0052346098791286565
0.005174931195510025
0.0032468071647418304
0.0013014648049257044
0.0023951730484550945
0.010249739819330082
0.0016061012932610085
0.00395231467376839
0.004922170587536177
0.006066072741757176
0.006370895725667253
0.006844266618237784
0.0035866898061690878
0.0021984676056382066
0.004934928654756327
0.004865492241151573
0.0037117887582017377
0.0019069229165425475
0.011097731482638686
0.0025741226693904084
-0.0015472287616998376
0.005899227628174293
0.0010031897354229452
0.003670873818038726
0.002988331832994904
0.0026712803226737964
0.007429173527793479
0.0012663690830018426
0.0037673463271171853
0.002664581550514464
-0.004455034141924388
0.0023787261737252784
0.0015203854815291074
0.005054895938586519
0.004406333339065036
-0.00013790998106827273
0.0012088061893692102
0.007187544703833776
0.003443644297725831
0.004054065040396445
-0.0003278934387698904
-0.00043710464386997866
0.006198634651515077
0.005771585913446018
0.001913741543654455
0.006805717336216778
0.004832769973849333
0.003285434630905966
-0.0005538722427854182
0.003132263560069133
0.0010653894606812739
0.003032546592896379
0.00017348349106583285
0.002176248900918887
0.003095589876365065
0.006860121438846414
0.001938097724681995
0.0022648367365573573
-0.0007747201082565344
0.004628094539893071
0.0006930385454098204
0.0034226119536470605
0.004643516581369179
0.001130920173514873
0.006126772652341121
0.006768545961770621
0.0032617300691636644
0.00037567980365115996
0.0033698711214711413
0.0008601464740841602
0.002161325347753586
-0.0011685691206557147
0.0009106605386032664
-0.0016629608480106472
0.0025370588241349266
0.0037813502045437935
0.0019319108596010275
0.002154821573990426
0.0023669701047948086
0.007247668058466885
0.0026542644370211262
0.003855471947991691
0.0016052578886492969
0.003415401662428897
0.005569808616081051
0.0023063488423195463
0.0005944576422171448
0.006138292658628452
0.002474024049107389
0.003703837038408941
0.0012056301161265355
0.0051782687634632256
0.000982669351649788
0.003693974953276719
-0.0005395735879364587
0.0024460285662572176
0.0015675634800646245
-0.0005421002942366078
0.006988697406566714
0.0025057850208332092
0.001973221711618914
-0.0005414427817240305
0.003429759748401076
0.005426041294504153
0.004033406545114369
-0.00011418290015439427
0.0031438010231859743
0.0027736886494258623
0.0007047509119420874
-0.00040994550478985585
0.004637546728907243
0.0002612463977757862
0.0013610209575900159
0.0015990720763475658
0.0023278140677403586
0.005492464199436718
0.004554806157688346
0.0011291393875499632
0.004430094830545451
0.0009422901176649903
0.003465428322180802
0.002248432828339954
0.002436634141216983
0.0011813410735458498
-0.0002057183158121472
0.0004960674357981265
0.0016928501443508619
0.0034269552026917694
0.00048430743185422855
0.003250318993697023
0.0023370639224895556
0.0035816505531820974
0.0028085422092481785
0.002790277812022444
-0.00159660049765801
0.005080837700160437
-0.0011314186214021267
0.0025474857407107717
0.0016823707427620896
-0.0008541140248061688
0.0014205175285097117
0.0010980419374846406
-0.0003238578403533535
-0.0005656618029251504
0.00034342806850058813
0.0006024242272024391
0.0015127787385018285
0.0007706716754801811
0.0047218953102783874
0.002942621385282164
0.0009714604303772439
0.0028627983790857382
0.003319448362733101
0.0011244709045122867
0.0005719860090985583
-0.0013900523145393391
0.0032609487949794673
0.003349790087639181
0.0019842000808558326
0.0023871052001587373
-0.0012058930878364948
-0.000589746548772327
-0.001383174644344717
0.0027531626424743562
-0.002619874905645641
0.00548664480961459
0.0025953517669222944
0.0020162723899993995
0.002242616688021432
0.006159339639660229
0.0033821164602577964
0.0003540864105926147
0.004868867448623926
0.003377005326086928
0.00017551112913502683
0.0014616532439941392
0.0033947227551707868
0.0002994205320756668
0.0019567126380080164
0.003251886805444938
0.0014840647474120997
0.0024397774010577154
0.0008861374324806661
-0.0011401542736602464
0.0028390579960742516
0.002992982622859996
0.0004149378880520636
-0.00047257378704665425
0.0005621232439353261
0.001219040145377268
0.0030824102109327832
-0.0006614507523208243
0.00039536382943339206
0.0016792825733610332
0.002013820865267976
0.0018466285551276599
0.002463544732647333
0.001389334697802101
0.002139631844602294
0.002351413750568152
0.0012958847992904903
0.0028526873613191803
-0.0011022325622124666
-0.0015525910866889987
0.0013751288495296283
0.0018418002320359447
0.0030070861617023797
-0.0001645064889380113
0.002775307811954977
0.001141621576453022
-0.00020708846769406755
0.0003130207272425337
0.002427025198385364
0.002990339065610952
0.0033268000881162677
-0.00014420000264357731
0.00023811487427161842
0.0019315730271810593
7.667831923579145e-05
0.0027121771434558974
0.0021205868241341414
0.0016292768677231481
0.0008377166341797933
-0.0011622476316787936
0.0017221913592857683
-0.00199698200637789
-0.0005546266674591106
0.0014017646181474107
-0.0009800350150980612
0.0046815888179299265
-0.0005272897491303744
0.002567658526080831
0.00010076855127414243
0.002016894601993093
0.0002499221358958182
0.000600041128236683
0.004729560352634562
0.004318134589970269
-0.00077717258558727
0.0034708034822306796
0.0001883385794208741
-0.0005407479248387397
0.0006559493373825299
0.0025341821761249352
0.0007741444288549769
0.0028029472613871585
0.0010911786968172716
0.0028512644306611704
0.0009166797218186458
0.0009644579631495358
0.00030301524746214925
-0.0012021306304013225
0.0017654255745874852
0.002938047965055432
6.711613792873713e-05
0.002317007061892639
0.00030608811162352486
-0.00013316172195841386
0.0008393314283421722
0.001641292798058247
0.002606578121311092
0.001906659598686074
0.0008753375827164378
0.002311092784060785
0.0015294706398599998
0.0022043030968434997
0.0033228870011335573
0.0011787361059050932
0.0022773225226210667
0.0017101119442195737
-0.00016285889639034356
-0.001183901890955842
0.0031614166053787365
0.00022826004250788747
0.0022660404037215505
0.0034793957875809225
0.00023008531414422657
0.0018682122615846807
7.263507925568338e-05
0.0031778189359011446
0.005094302606186867
0.0021493130640502104
0.0018180363405809281
0.0018134023676485017
0.0017188681925582045
-0.0012340356571311905
0.0017486937280046372
0.0008330586917236889
0.0030771917231414334
5.7856287874593395e-05
-3.531760828986182e-05
-0.0013439381573352297
0.00025163091724067526
0.0006883165967738535
-0.0008995722502076552
0.0019137921360416364
0.00019686779306907952
0.00014057743295784985
0.000723077022647031
-0.0002181727724345699
0.004182118430837421
0.003196914230851735
0.0003652398701306504
0.0013440217234111254
0.0004652230949523613
0.0013023914986516124
0.002255061637979521
0.0013393378519741146
-0.0008428283644806876
-0.0011102935038270069
0.0011575949366161304
-0.0003110344351043192
-0.0010275517736972166
-0.0003047014719394955
0.0012434835353961398
0.00214631303520223
-0.000881606613820572
0.0013619333937313675
0.0022502731964269313
0.001075570788829345
-3.264592326373047e-05
0.001645497035964633
0.0014926877548642119
0.0016017952643651904
0.0008048692989087276
-0.001184861978870625
0.0027980106942014147
2.1358459071099712e-05
-0.000903255089491682
0.0022583153146152227
-0.0005644654711340427
0.001106702730880046
0.0012496328006091444
0.00042921855800163886
0.0014254972736799266
0.001132534607502806
0.002598967439782485
0.005386984564504072
0.00024721433468045554
-2.0277446958001632e-05
0.0007610555540541699
0.0008573054597000537
0.002930783799331113
0.002029430665385072
0.0019606413214515446
0.002564612988668213
0.0007482074278196243
6.862520525106491e-05
0.0004626303663772557
0.003114370816021666
0.00021228117800642913
0.002527431197651871
0.002645926500235935
0.0020129393701373106
0.00230880887018981
0.00046060966212650744
-0.00027895901475670433
0.000575448219271555
0.0010591055590940025
0.0003912891250620876
0.0011523383841195592
-0.0010570227091465717
-0.00048199320073393084
0.004705524301605748
0.0026767618592185155
-0.0006989571571302438
-0.0006913201436272587
-0.0003101294996831169
-0.0003740998962693307
-0.0017787064217299592
-0.0012660749634905522
0.0002705758886509793
0.00026172585294950744
-0.0008874610005117814
0.0008410158687089056
0.0002273891945147383
0.00039568143282265385
-7.69706058767272e-05
-0.0007887570698298289
-0.0007690585622316798
-0.00010712925923000944
0.0007946721318108542
-7.390763944970397e-05
-2.8179593975869523e-07
0.00011528030956794748
0.0008677154436787305
-0.00040475492931584586
0.00024047593228858732
-0.001381551742235775
-0.00038602280605884887
0.000646661566544548
-0.00030408623922487625
0.0007223641273900029
-0.000101062808995652
0.0005765453459731144
-0.0007433092762243391
0.0003228792778205146
0.0007913598000082649
0.0017972117842815147
0.0006443562574564336
0.001209810115678538
0.0007223838768091571
0.0011863592379464346
0.0003517755526623427
0.0009063923334648053
0.0002350023544691566
0.0015928972847828677
-0.00012527700223329238
0.00036826014689320455
0.0016946707625953219
0.0005833665173191322
4.119959223096525e-05
-0.0010295359424020967
0.0009592399728076722
0.0006242494491157918
-0.0002596903892539789
0.001033422512174715
-0.0001311381910076525
0.00040768515267297856
-0.001419023593058613
0.001297811919484571
0.00045679591738514785
0.0008240192502249336
0.0013999522207246427
-9.125510036414102e-06
-0.000719642915714235
0.0005375362690097742
-0.00016519319500587153
0.0004214877010213752
-0.00046059636938700825
0.0005398409888981176
0.0013018012375519649
-0.0003453794085202605
-0.0003793111725212167
0.0008847060018156953
0.0008404843151016167
-0.00020390450626511997
-9.447180109639313e-05
0.0011778975396187648
0.00045488074528618705
-0.0001227873248430366
0.0006614509375227273
-0.0012822710717686496
0.00021125307528343593
0.0010805858931922344
0.001441671645668588
-0.0008604319654063379
0.0006460882160223041
0.0009146297993789374
-0.0006352420353018023
6.269718442269951e-05
-0.0004919211798573317
0.0006642270079406229
0.0005442539850678954
0.0002048198188709422
-0.0002565500540535362
0.0002246183709899704
-0.0015224958740094943
-0.00017447191745161456
6.221637746018696e-05
-0.0009541931514708496
-1.1589628048045533e-05
-0.0006018024044882837
-7.228967282792463e-05
-0.000608442818080607
0.0014294277869772258
0.0006842346004883271
0.0010151320195159951
0.0012184791008326818
6.336238993715057e-05
0.000912392460793467
4.468710562976018e-05
-0.00024824848078098974
1.3000360416824443e-05
0.0005053633498442414
0.0008860848841500907
0.00078861846297475
0.00011469248140890645
0.0009728763824928798
0.00033445527704459397
-0.0006013387637707857
0.0002642208724660801
0.0009356600665374339
0.0012339519098546357
-0.00038249269197187917
0.00016754244032342767
-6.803142964638458e-05
0.000598324648067842
0.000454020697010105
-0.0005408785946842039
-1.2241326143724397e-05
0.0004396561605459065
-0.0003415342701722926
-3.674711547903361e-05
-0.0011320316264104117
-0.000249334035454399
2.3866349663490726e-05
-0.0010446742288753974
-0.0006649143312919699
-0.0009933464597346984
0.00017882594828877283
0.0007427798282711378
0.0009987992834335961
-0.00015631859298121056
0.0007803055623549664
-0.0005378320728636252
0.0005200105282979848
0.00017988262212709273
7.378441291582505e-05
0.00010858684484953894
0.0004099821538234895
2.83661143126437e-05
1.9649756442572095e-05
0.0004507569519860893
0.00044517967338977084
-0.0007561049101117763
-0.00017923515555814983
0.00044654663304897883
-0.0005939516629572835
-0.00038038264347999365
0.000684734160987843
-0.0003928326040608441
-0.0008275501086958944
-0.00019100387418295638
0.00031761716463149845
0.0014078980079589905
1.3096497933998688e-05
0.000517570079003758
-4.8584662303642127e-05
0.0012587916253956565
-0.0005775036841536558
0.0003833882077029329
0.0014743337886080317
0.00034980818558467475
-8.955221481885294e-05
0.0002950045601188089
6.0619278142962435e-05
0.0012018018611830229
-0.00023355451215541104
-0.00013764311423658475
0.0011975384517696292
-0.00013316498450005924
-0.00039988606591070865
-0.0004147018835378055
-0.0001587833967700377
0.000979612427921506
0.0018815911119141394
4.911322555541065e-06
-0.0005347505452722769
0.00036320246352768306
7.226242562826402e-05
-0.00039144655280908805
0.0003088106761511649
0.0006151681021634216
1.5771800220658876e-05
0.00037185421721149057
-0.0003371813787038476
0.0008004527762510184
5.0259186643939556e-05
-0.0006062905214734402
0.0002020868515915711
3.737950941065313e-05
-0.0005419787515478895
0.001043673168436337
0.0006840643676164971
-7.895336007861673e-05
-0.0001511127452708249
0.0011734584114979725
0.0010070054657058526
0.0005805209923542622
0.0006312948998289137
1.2206027409388476e-05
-0.000562426852966768
0.0006473588492531914
0.0007880982945731166
0.0007757926425125107
0.0002941422638337602
0.0009663994942580537
-0.00047219563969922514
0.0005925612637707452
-3.258116003438963e-06
3.092623659683823e-05
-6.752270759921481e-06
-0.0005185296292460655
-0.0011825081809860648
0.0013685538127297815
0.00030516504543045354
0.0017198167395486743
-0.00021674858209228126
-0.00011346017094403973
6.253496653296274e-05
-0.0006590393767022987
-0.0006793318763360951
-0.00030862703309542214
-8.498775802438559e-05
0.0005302074981714891
0.0006265557034181039
0.0009927829264248192
-0.0009515561619831939
0.000789273932843186
0.00017947497265920418
-0.00017519491576824757
0.0008132684998177646
-0.0001750737206734134
-0.000856651135846209
0.0007322083368322411
0.00016442816299020347
0.00040694068640511965
0.0006034406057020308
0.0004964218642431436
0.0010981854058241662
-0.0007280902507758825
6.602374307983454e-05
0.00011974322287057964
-0.0001802550792767072
-0.0005385223076395261
0.0003444176423304962
0.00012158321814929464
1.831926231677738e-05
0.0003760449779052352
0.00028292204333190524
-0.0011814561978375664
0.0007055825256043848
-0.0009659555548409342
-0.0005062435525418775
0.00017088673715040843
0.0006091203464289488
-0.00047085210332663784
0.0003990579752040281
0.0009152982859137177
1.8573770442867734e-05
0.0008082482282312187
-0.0003610047786700525
-0.0010539017433533668
0.0003058219981117641
0.00026394278775985596
0.0009077055912581028
0.00032022399627164717
-0.00030630090351262417
-0.00033654985538526084
0.00016710380065849232
0.0003419771025051671
-0.00044351333920205976
0.0009781762959733668
-0.0002736057552232751
5.6870641221007595e-05
-9.590728693222088e-05
-0.0005714052811512592
0.00013405501138693136
-0.00020710827147779612
-0.0008266967568619523
0.000706898216956302
0.0003043675739041422
0.0006349728040418765
0.0004687715351188452
0.00028002746822455615
0.00010005196473282521
-0.0009047697254267628
0.0008642322959181736
8.632255056506835e-05
-0.0006992222672219437
-0.000392014018767827
0.0008395754339413307
0.00013608837748831684
-0.0001524107860008596
0.0006360494978740239
-0.0002756619274500051
-0.0005452411947830346
0.0002018622211485995
0.0005718398878430665
0.0008635128261172012
-0.00014929023460210784
0.0002508690859918484
-0.0005515202641130829
0.0004610388084852956
-0.0003151477912201011
-4.83047628244319e-05
0.0007500290519943284
0.0001185874204580389
0.0006211325238960637
-0.000453372159716695
-0.0006078931333126321
-0.00027634287898256263
-0.0001804242495440346
9.1843527212018e-05
0.0006417153123525852
-0.0003158755181342941
0.00033885177094050375
0.0003235684532024383
-0.00032040348386219584
0.0003860885716909033
0.00025410038939805893
-0.0011619170647012914
0.0007134333787958653
-0.0002453217350688863
0.0007290925396606125
-0.0005118167274217028
0.0004676089128311765
0.0006747809540298218
0.00014661360698808143
0.0007027913952602598
-0.0002979484112642469
0.0008393701636283177
0.0010052775760719423
0.00047622693208320446
-0.0005206149777717894
0.0011106002428947028
-0.00021958985481108014
0.0011513927752217336
-0.00030774895123834156
0.0003562613719419228
0.0003626802123813591
0.0005229011275201416
-0.001255733728956714
-7.226805477914736e-05
-0.00014567692759230865
0.001093339303335211
-0.001243841424422886
0.0004976092474112901
0.000515103677903947
0.00035294296656282253
-0.00024359225426671876
-0.0005344215670869953
4.117792401082248e-05
8.683435620839595e-05
0.0006596328189967384
-0.00016778486407058627
0.0007367983735108057
-0.0002935325718776086
0.0007223773030578513
0.000588895126618419
0.00045568332877298927
0.0004888282923616993
0.0008255111072663343
-0.0002617385008001526
0.0009420597800140761
0.0006161196786757284
0.0010387065736081921
9.727489757422139e-05
-0.00025279487027221354
-0.0005340231357244348
-2.2294745859130995e-05
-0.00015787201800269502
-0.0005084274233981207
0.0002444596771616264
0.0011926392130968226
-2.710040088134101e-05
-0.0009582781174344064
0.0004169196529924877
0.0005140999001865342
-7.641795519741548e-05
-0.0009469165386312172
-7.325801790868798e-05
0.0010185478390317942
0.00042216336888447947
0.0004389902387352558
-0.0006746642463353272
0.0003595492115942533
0.00043794883706648206
-0.0002770867868297731
0.0004257361754949447
-0.00022054647088082209
0.0004744720041104072
-0.001168353765004601
0.00029444204304816
0.00023522081616972335
0.00013235239981947898
0.0005810554899122281
0.0003908119324419889
0.0012295875510076899
0.0006109085558578753
0.0001776928744198594
-0.0010807696268952207
-0.0006488184947469792
0.00011471979015693921
0.0011350269981063067
0.00017362593146533542
0.0008216167952173913
-2.0112120221188466e-05
-0.00013676931193406304
0.001233893451260496
-2.3073540999053055e-05
0.0016502987012477933
0.0012389073636782785
0.0008075387937365808
-0.0003665325267196997
-4.547742095239685e-05
0.000235461740486765
-0.00014216962222637902
-0.0010741336933046373
6.495273691832523e-05
0.0003904290918522531
4.951706520803316e-05
0.00036689042085488337
-0.001200912199443727
-4.2021833999046564e-05
-3.1149618504445566e-05
0.00014643017113628518
0.00030806733340575925
-0.0002712063687344412
-0.0004212378482174479
-0.0012722641436688936
-0.000392892758717084
0.0007435270265428464
-0.0005394044865301329
3.9062556855764096e-05
0.00039262611260126157
-0.00034697186456689947
0.001347581382311158
0.0008991876626474327
6.031678353026602e-05
-0.0006371262724191419
3.5558170034850634e-06
0.0005541830666493977
0.0001537430152653304
0.00017386313184540535
0.0003444241188531791
0.0008342062322640934
-0.0002530311783834108
-0.0009488496937214421
7.007750267218864e-05
-0.00015642697949663103
0.000836030929572714
-6.010379131696472e-05
-0.0002517722926153756
-0.00046804969468068966
0.0002044074849705566
-0.0006163885159098078
0.00025044419228068004
-0.00019027637205219902
-0.0008461329144033001
0.0005459367136841836
-0.0003203340176755089
0.0007252410511733395
-0.0008266544335078163
-1.1315778038285243e-05
0.00015505600226386085
0.0004290642141982758
0.00022254889624453032
0.0009351338118591038
0.00030014898221049997
-0.0007422111286090758
0.0006726009236241004
0.00021317723237514416
0.0010947641327962421
0.0007633454778420583
0.0010151456942308632
-0.0007793528596106887
0.0006611462513261142
0.0008300257790338718
-0.0007437158909582876
0.000552854874281888
-0.0007545684401979317
-0.00042942175043792836
0.00013942454951900373
-0.00020920193319618564
0.00047620695935399616
0.000674016024624119
0.0007866995563541194
0.00038259882795826
-0.00045627353409001976
-0.0006015983830933923
0.0008990059355943012
0.00016349548436990136
-0.00022084386029603078
0.00033746038878377876
0.0004668083923439319
3.8972140478791215e-06
0.0001215581942247575
0.0020969283420977976
0.0002843140191376503
