diff 0.0012642697859104092

p_true 0.21885296943271576
E[p]     0.21954674220963172
true prices -1.519355147090397 -0.24699188749190035
exp  prices -1.5187110131332062 -0.24807976135258444

beta params 155.0 551.0


1.0 1.0
3.0 4.0
6.0 6.0
6.0 10.0
6.0 14.0
8.0 17.0
8.0 22.0
10.0 25.0
10.0 30.0
10.0 35.0
10.0 40.0
10.0 43.0
10.0 45.0
10.0 45.0
10.0 45.0
10.0 46.0
12.0 49.0
13.0 53.0
14.0 57.0
15.0 61.0
17.0 64.0
17.0 64.0
17.0 64.0
17.0 64.0
17.0 64.0
17.0 64.0
18.0 68.0
20.0 71.0
20.0 76.0
21.0 80.0
21.0 85.0
21.0 85.0
21.0 85.0
21.0 85.0
21.0 85.0
21.0 85.0
22.0 89.0
22.0 94.0
23.0 98.0
23.0 103.0
25.0 106.0
25.0 106.0
25.0 106.0
25.0 106.0
25.0 106.0
25.0 106.0
28.0 108.0
29.0 112.0
29.0 117.0
30.0 121.0
31.0 125.0
31.0 125.0
31.0 125.0
31.0 125.0
31.0 125.0
31.0 125.0
32.0 129.0
33.0 133.0
34.0 137.0
35.0 141.0
37.0 144.0
37.0 144.0
37.0 144.0
37.0 144.0
37.0 144.0
37.0 144.0
38.0 148.0
38.0 153.0
39.0 157.0
39.0 162.0
40.0 166.0
40.0 166.0
40.0 166.0
40.0 166.0
40.0 166.0
40.0 166.0
40.0 171.0
40.0 176.0
40.0 181.0
41.0 185.0
42.0 189.0
42.0 189.0
42.0 189.0
42.0 189.0
42.0 189.0
42.0 189.0
42.0 194.0
42.0 199.0
45.0 201.0
47.0 204.0
49.0 207.0
49.0 207.0
49.0 207.0
49.0 207.0
49.0 207.0
49.0 207.0
52.0 209.0
52.0 214.0
53.0 218.0
53.0 223.0
55.0 226.0
55.0 226.0
55.0 226.0
55.0 226.0
55.0 226.0
55.0 226.0
57.0 229.0
57.0 234.0
58.0 238.0
60.0 241.0
61.0 245.0
61.0 245.0
61.0 245.0
61.0 245.0
61.0 245.0
61.0 245.0
62.0 249.0
63.0 253.0
63.0 258.0
64.0 262.0
64.0 267.0
64.0 267.0
64.0 267.0
64.0 267.0
64.0 267.0
64.0 267.0
65.0 271.0
65.0 276.0
66.0 280.0
68.0 283.0
68.0 288.0
68.0 288.0
68.0 288.0
68.0 288.0
68.0 288.0
68.0 288.0
69.0 292.0
69.0 297.0
70.0 301.0
70.0 306.0
70.0 311.0
70.0 311.0
70.0 311.0
70.0 311.0
70.0 311.0
70.0 311.0
71.0 315.0
73.0 318.0
74.0 322.0
75.0 326.0
76.0 330.0
76.0 330.0
76.0 330.0
76.0 330.0
76.0 330.0
76.0 330.0
79.0 332.0
80.0 336.0
82.0 339.0
84.0 342.0
85.0 346.0
85.0 346.0
85.0 346.0
85.0 346.0
85.0 346.0
85.0 346.0
88.0 348.0
91.0 350.0
92.0 354.0
93.0 358.0
94.0 362.0
94.0 362.0
94.0 362.0
94.0 362.0
94.0 362.0
94.0 362.0
95.0 366.0
96.0 370.0
98.0 373.0
99.0 377.0
100.0 381.0
100.0 381.0
100.0 381.0
100.0 381.0
100.0 381.0
100.0 381.0
101.0 385.0
101.0 390.0
103.0 393.0
104.0 397.0
106.0 400.0
106.0 400.0
106.0 400.0
106.0 400.0
106.0 400.0
106.0 400.0
109.0 402.0
109.0 407.0
110.0 411.0
112.0 414.0
114.0 417.0
114.0 417.0
114.0 417.0
114.0 417.0
114.0 417.0
114.0 417.0
115.0 421.0
117.0 424.0
118.0 428.0
119.0 432.0
120.0 436.0
120.0 436.0
120.0 436.0
120.0 436.0
120.0 436.0
120.0 436.0
120.0 441.0
121.0 445.0
121.0 450.0
124.0 452.0
124.0 457.0
124.0 457.0
124.0 457.0
124.0 457.0
124.0 457.0
124.0 457.0
125.0 461.0
126.0 465.0
127.0 469.0
127.0 474.0
128.0 478.0
128.0 478.0
128.0 478.0
128.0 478.0
128.0 478.0
128.0 478.0
129.0 482.0
130.0 486.0
132.0 489.0
132.0 494.0
134.0 497.0
134.0 497.0
134.0 497.0
134.0 497.0
134.0 497.0
134.0 497.0
135.0 501.0
137.0 504.0
137.0 509.0
139.0 512.0
141.0 515.0
141.0 515.0
141.0 515.0
141.0 515.0
141.0 515.0
141.0 515.0
145.0 516.0
147.0 519.0
147.0 524.0
147.0 529.0
149.0 532.0
149.0 532.0
149.0 532.0
149.0 532.0
149.0 532.0
149.0 532.0
149.0 537.0
151.0 540.0
154.0 542.0
154.0 547.0
155.0 551.0