diff 0.0007451351476558855

p_true 0.44579314752763866
E[p]     0.4458464773922187
true prices -0.8079002293292182 -0.5902172820097773
exp  prices -0.8084344616385828 -0.5907367261626014

beta params 424.0 527.0


1.0 1.0
2.0 5.0
4.0 8.0
6.0 11.0
9.0 13.0
12.0 15.0
12.0 20.0
15.0 22.0
16.0 26.0
19.0 28.0
20.0 32.0
22.0 35.0
25.0 37.0
27.0 40.0
28.0 44.0
30.0 47.0
31.0 51.0
35.0 52.0
38.0 54.0
42.0 55.0
45.0 57.0
47.0 60.0
48.0 62.0
50.0 64.0
53.0 66.0
53.0 66.0
55.0 69.0
56.0 73.0
57.0 77.0
58.0 81.0
60.0 84.0
61.0 85.0
61.0 85.0
61.0 85.0
63.0 88.0
63.0 88.0
68.0 88.0
69.0 92.0
70.0 96.0
73.0 98.0
77.0 99.0
77.0 99.0
77.0 99.0
77.0 99.0
77.0 99.0
77.0 99.0
79.0 102.0
84.0 102.0
86.0 105.0
90.0 106.0
93.0 108.0
93.0 108.0
93.0 108.0
93.0 108.0
93.0 108.0
93.0 108.0
96.0 110.0
99.0 112.0
99.0 117.0
102.0 119.0
104.0 122.0
104.0 122.0
104.0 122.0
104.0 122.0
104.0 122.0
104.0 122.0
105.0 126.0
108.0 128.0
109.0 132.0
112.0 134.0
115.0 136.0
115.0 136.0
115.0 136.0
115.0 136.0
115.0 136.0
115.0 136.0
118.0 138.0
119.0 142.0
121.0 145.0
123.0 148.0
126.0 150.0
126.0 150.0
126.0 150.0
126.0 150.0
126.0 150.0
126.0 150.0
128.0 153.0
128.0 158.0
130.0 161.0
132.0 164.0
135.0 166.0
135.0 166.0
135.0 166.0
135.0 166.0
135.0 166.0
135.0 166.0
138.0 168.0
141.0 170.0
144.0 172.0
145.0 176.0
147.0 179.0
147.0 179.0
147.0 179.0
147.0 179.0
147.0 179.0
147.0 179.0
148.0 183.0
149.0 187.0
151.0 190.0
151.0 195.0
153.0 198.0
153.0 198.0
153.0 198.0
153.0 198.0
153.0 198.0
153.0 198.0
156.0 200.0
156.0 205.0
156.0 210.0
157.0 214.0
159.0 217.0
159.0 217.0
159.0 217.0
159.0 217.0
159.0 217.0
159.0 217.0
161.0 220.0
162.0 224.0
164.0 227.0
166.0 230.0
168.0 233.0
168.0 233.0
168.0 233.0
168.0 233.0
168.0 233.0
168.0 233.0
171.0 235.0
173.0 238.0
175.0 241.0
179.0 242.0
183.0 243.0
183.0 243.0
183.0 243.0
183.0 243.0
183.0 243.0
183.0 243.0
184.0 247.0
186.0 250.0
190.0 251.0
193.0 253.0
195.0 256.0
195.0 256.0
195.0 256.0
195.0 256.0
195.0 256.0
195.0 256.0
197.0 259.0
200.0 261.0
205.0 261.0
208.0 263.0
212.0 264.0
212.0 264.0
212.0 264.0
212.0 264.0
212.0 264.0
212.0 264.0
214.0 267.0
215.0 271.0
219.0 272.0
222.0 274.0
224.0 277.0
224.0 277.0
224.0 277.0
224.0 277.0
224.0 277.0
224.0 277.0
225.0 281.0
227.0 284.0
227.0 289.0
229.0 292.0
230.0 296.0
230.0 296.0
230.0 296.0
230.0 296.0
230.0 296.0
230.0 296.0
230.0 301.0
231.0 305.0
235.0 306.0
239.0 307.0
242.0 309.0
242.0 309.0
242.0 309.0
242.0 309.0
242.0 309.0
242.0 309.0
244.0 312.0
245.0 316.0
247.0 319.0
250.0 321.0
251.0 325.0
251.0 325.0
251.0 325.0
251.0 325.0
251.0 325.0
251.0 325.0
256.0 325.0
259.0 327.0
261.0 330.0
265.0 331.0
265.0 336.0
265.0 336.0
265.0 336.0
265.0 336.0
265.0 336.0
265.0 336.0
266.0 340.0
268.0 343.0
270.0 346.0
274.0 347.0
278.0 348.0
278.0 348.0
278.0 348.0
278.0 348.0
278.0 348.0
278.0 348.0
281.0 350.0
283.0 353.0
285.0 356.0
286.0 360.0
288.0 363.0
288.0 363.0
288.0 363.0
288.0 363.0
288.0 363.0
288.0 363.0
290.0 366.0
293.0 368.0
296.0 370.0
299.0 372.0
301.0 375.0
301.0 375.0
301.0 375.0
301.0 375.0
301.0 375.0
301.0 375.0
304.0 377.0
305.0 381.0
308.0 383.0
309.0 387.0
311.0 390.0
311.0 390.0
311.0 390.0
311.0 390.0
311.0 390.0
311.0 390.0
312.0 394.0
314.0 397.0
315.0 401.0
317.0 404.0
320.0 406.0
320.0 406.0
320.0 406.0
320.0 406.0
320.0 406.0
320.0 406.0
322.0 409.0
324.0 412.0
325.0 416.0
325.0 421.0
327.0 424.0
327.0 424.0
327.0 424.0
327.0 424.0
327.0 424.0
327.0 424.0
328.0 428.0
330.0 431.0
334.0 432.0
337.0 434.0
340.0 436.0
340.0 436.0
340.0 436.0
340.0 436.0
340.0 436.0
340.0 436.0
344.0 437.0
346.0 440.0
348.0 443.0
352.0 444.0
355.0 446.0
355.0 446.0
355.0 446.0
355.0 446.0
355.0 446.0
355.0 446.0
356.0 450.0
358.0 453.0
361.0 455.0
363.0 458.0
365.0 461.0
365.0 461.0
365.0 461.0
365.0 461.0
365.0 461.0
365.0 461.0
369.0 462.0
373.0 463.0
377.0 464.0
378.0 468.0
378.0 473.0
378.0 473.0
378.0 473.0
378.0 473.0
378.0 473.0
378.0 473.0
380.0 476.0
382.0 479.0
383.0 483.0
387.0 484.0
390.0 486.0
390.0 486.0
390.0 486.0
390.0 486.0
390.0 486.0
390.0 486.0
391.0 490.0
392.0 494.0
394.0 497.0
396.0 500.0
398.0 503.0
398.0 503.0
398.0 503.0
398.0 503.0
398.0 503.0
398.0 503.0
398.0 508.0
402.0 509.0
405.0 511.0
410.0 511.0
413.0 513.0
413.0 513.0
413.0 513.0
413.0 513.0
413.0 513.0
413.0 513.0
414.0 517.0
419.0 517.0
421.0 520.0
422.0 524.0
424.0 527.0