diff 0.001047382205973862

p_true 0.24595648188409142
E[p]     0.24655436447166923
true prices -1.402600661609137 -0.2823051963056082
exp  prices -1.4025156770236726 -0.28334912499360565

beta params 161.0 492.0


1.0 1.0
3.0 4.0
5.0 7.0
5.0 10.0
5.0 13.0
7.0 16.0
8.0 20.0
10.0 23.0
12.0 26.0
12.0 31.0
14.0 34.0
14.0 35.0
14.0 36.0
14.0 36.0
14.0 36.0
15.0 38.0
16.0 42.0
17.0 46.0
17.0 51.0
18.0 55.0
18.0 60.0
18.0 60.0
18.0 60.0
18.0 60.0
18.0 60.0
18.0 60.0
21.0 62.0
23.0 65.0
26.0 67.0
26.0 72.0
26.0 77.0
26.0 77.0
26.0 77.0
26.0 77.0
26.0 77.0
26.0 77.0
28.0 80.0
30.0 83.0
31.0 87.0
32.0 91.0
32.0 96.0
32.0 96.0
32.0 96.0
32.0 96.0
32.0 96.0
32.0 96.0
33.0 100.0
33.0 105.0
35.0 108.0
37.0 111.0
38.0 115.0
38.0 115.0
38.0 115.0
38.0 115.0
38.0 115.0
38.0 115.0
38.0 120.0
40.0 123.0
41.0 127.0
43.0 130.0
44.0 134.0
44.0 134.0
44.0 134.0
44.0 134.0
44.0 134.0
44.0 134.0
45.0 138.0
46.0 142.0
48.0 145.0
48.0 150.0
51.0 152.0
51.0 152.0
51.0 152.0
51.0 152.0
51.0 152.0
51.0 152.0
52.0 156.0
54.0 159.0
56.0 162.0
57.0 166.0
58.0 170.0
58.0 170.0
58.0 170.0
58.0 170.0
58.0 170.0
58.0 170.0
60.0 173.0
60.0 178.0
61.0 182.0
61.0 187.0
61.0 192.0
61.0 192.0
61.0 192.0
61.0 192.0
61.0 192.0
61.0 192.0
63.0 195.0
66.0 197.0
66.0 202.0
68.0 205.0
69.0 209.0
69.0 209.0
69.0 209.0
69.0 209.0
69.0 209.0
69.0 209.0
70.0 213.0
70.0 218.0
73.0 220.0
74.0 224.0
76.0 227.0
76.0 227.0
76.0 227.0
76.0 227.0
76.0 227.0
76.0 227.0
76.0 232.0
77.0 236.0
77.0 241.0
78.0 245.0
80.0 248.0
80.0 248.0
80.0 248.0
80.0 248.0
80.0 248.0
80.0 248.0
80.0 253.0
81.0 257.0
83.0 260.0
86.0 262.0
87.0 266.0
87.0 266.0
87.0 266.0
87.0 266.0
87.0 266.0
87.0 266.0
88.0 270.0
89.0 274.0
90.0 278.0
90.0 283.0
92.0 286.0
92.0 286.0
92.0 286.0
92.0 286.0
92.0 286.0
92.0 286.0
96.0 287.0
98.0 290.0
101.0 292.0
103.0 295.0
105.0 298.0
105.0 298.0
105.0 298.0
105.0 298.0
105.0 298.0
105.0 298.0
107.0 301.0
107.0 306.0
110.0 308.0
110.0 313.0
113.0 315.0
113.0 315.0
113.0 315.0
113.0 315.0
113.0 315.0
113.0 315.0
113.0 320.0
113.0 325.0
114.0 329.0
115.0 333.0
117.0 336.0
117.0 336.0
117.0 336.0
117.0 336.0
117.0 336.0
117.0 336.0
118.0 340.0
118.0 345.0
118.0 350.0
119.0 354.0
120.0 358.0
120.0 358.0
120.0 358.0
120.0 358.0
120.0 358.0
120.0 358.0
120.0 363.0
120.0 368.0
121.0 372.0
121.0 377.0
122.0 381.0
122.0 381.0
122.0 381.0
122.0 381.0
122.0 381.0
122.0 381.0
123.0 385.0
125.0 388.0
126.0 392.0
127.0 396.0
130.0 398.0
130.0 398.0
130.0 398.0
130.0 398.0
130.0 398.0
130.0 398.0
130.0 403.0
132.0 406.0
133.0 410.0
135.0 413.0
135.0 418.0
135.0 418.0
135.0 418.0
135.0 418.0
135.0 418.0
135.0 418.0
136.0 422.0
137.0 426.0
139.0 429.0
139.0 434.0
140.0 438.0
140.0 438.0
140.0 438.0
140.0 438.0
140.0 438.0
140.0 438.0
142.0 441.0
142.0 446.0
145.0 448.0
145.0 453.0
147.0 456.0
147.0 456.0
147.0 456.0
147.0 456.0
147.0 456.0
147.0 456.0
150.0 458.0
152.0 461.0
153.0 465.0
155.0 468.0
155.0 473.0
155.0 473.0
155.0 473.0
155.0 473.0
155.0 473.0
155.0 473.0
156.0 477.0
159.0 479.0
160.0 483.0
160.0 488.0
161.0 492.0