Sequence type:               low_first
High Budget:                 5 traders with 5 observations and inf budget
Low Budget:                  5 traders with 5 observations and 10 budget
Convergence criteria:        60 rounds or 0.001 change in L2 norm of share vector

CONFIDENCE INTERVALS:
Converged Params:           [[175.269 172.983]
 [174.474 168.718]
 [174.616 176.829]
 [177.288 173.644]
 [171.765 170.071]
 [180.097 166.433]
 [177.908 171.299]
 [170.654 170.67 ]
 [173.662 171.817]
 [175.635 176.004]
 [165.01  172.79 ]
 [172.053 174.836]
 [172.435 175.94 ]
 [174.461 174.641]
 [171.564 168.467]
 [170.067 174.233]
 [174.473 177.547]
 [170.957 175.38 ]
 [174.328 174.56 ]
 [178.134 178.326]
 [171.573 173.885]
 [182.721 176.057]
 [178.433 173.174]
 [174.22  181.889]
 [173.883 176.061]] \pm [[7.84067486 8.03981123]
 [7.93802355 7.6024993 ]
 [7.87263188 8.06865651]
 [7.82620737 7.72350062]
 [7.65400347 7.87072697]
 [8.38691205 7.60560505]
 [7.84487485 8.03380871]
 [7.76386413 7.74601797]
 [7.67831138 7.74200434]
 [7.63738887 8.05928929]
 [7.59971238 7.65788878]
 [8.08424951 7.7590063 ]
 [7.87947054 8.1595792 ]
 [7.7178037  7.83835689]
 [7.73424938 7.75519046]
 [7.66792094 7.87751449]
 [7.91537726 7.93328874]
 [7.66872716 7.97516115]
 [7.89113779 7.86144942]
 [7.83390792 7.96645459]
 [7.79337572 7.7776909 ]
 [8.05228858 7.84436364]
 [7.75553884 7.68239389]
 [7.58110609 7.88336772]
 [7.70758364 8.12091824]]
Average High Budget Comp:     5.46745762224088 \pm 0.06205016083028144
Average Low Budget Comp:      6.160299897055636 \pm 0.050178485693958066
Individual High Budget Comp:  5.467457622240881 \pm 0.08730430160601933
Individual Low Budget Comp:   6.160299897055635 \pm 0.13591771246662138
Budget for limited:           [10.         10.22993926 10.45891717 10.68772872 10.92138693 11.16271606
 11.38968351 11.63038961 11.86700291 12.10461416 12.34246587 12.59149117
 12.8364291  13.08886833 13.34222535 13.59434656 13.85156976 14.10393989
 14.35234052 14.6102679  14.86271168 15.1282919  15.37795618 15.6378554
 15.89879024 16.1602999 ] \pm [0.         0.01412638 0.02181669 0.0279352  0.03349437 0.03872609
 0.04403949 0.04928303 0.05414609 0.05929644 0.06382917 0.06863839
 0.07345193 0.07837493 0.08336325 0.08841279 0.09348703 0.09813237
 0.10311036 0.10794288 0.1122716  0.11711795 0.1217841  0.126679
 0.13138012 0.13591771]
Points Used:                  [5.7604 6.0084 5.994  6.3464 6.3072 6.506  6.6564 6.9998 6.9758 7.2728
 7.425  7.5578 7.49   7.9054 7.9262 8.055  8.374  8.4624 8.6176 8.867
 8.9616 9.2756 9.3014 9.6068 9.5288] \pm [0.06989148 0.07257787 0.07386035 0.0788476  0.07856265 0.08303909
 0.08339536 0.08814423 0.09035245 0.09264968 0.09779271 0.10072439
 0.0998758  0.1055465  0.1076265  0.11141622 0.1181089  0.11922146
 0.12184887 0.12551382 0.12722718 0.1354893  0.13334385 0.13703244
 0.13868041]
Rounds:                       [11.698 11.446 11.779 11.688 11.332 11.48  11.557 11.173 11.344 11.531
 10.947 11.284 11.357 11.303 10.936 11.081 11.326 11.081 11.152 11.405
 10.946 11.416 11.124 11.243 11.012] \pm [0.42314578 0.41563594 0.4108721  0.411379   0.41153362 0.41371138
 0.42382593 0.41551571 0.40206124 0.41398726 0.41133948 0.42493299
 0.41990479 0.41055891 0.40397832 0.40517727 0.41380481 0.40356223
 0.41807722 0.41701954 0.41408025 0.43292023 0.40492207 0.4063584
 0.41292254]
Avg diff:                     [0.09781027 0.09897187 0.09882818 0.09545279 0.10342216 0.10348521
 0.0965899  0.09672785 0.0981971  0.09982879 0.09706365 0.10258624
 0.09671802 0.0952244  0.0966755  0.09438075 0.09600092 0.09468664
 0.09977449 0.09922461 0.09712087 0.09963891 0.09496929 0.09374069
 0.09886361]