diff 0.7657174164942588

p_true 0.06937967517530352
E[p]     0.034653465346534656
true prices -2.6681613192718516 -0.07190389925056276
exp  prices -3.433006072499554 -0.03535714313326656

beta params 7.0 195.0


1.0 1.0
1.0 6.0
1.0 11.0
1.0 15.0
1.0 19.0
1.0 23.0
2.0 27.0
2.0 32.0
2.0 37.0
3.0 41.0
3.0 46.0
3.0 48.0
3.0 49.0
3.0 49.0
3.0 49.0
3.0 49.0
4.0 53.0
4.0 58.0
4.0 63.0
4.0 68.0
4.0 73.0
4.0 73.0
4.0 73.0
4.0 73.0
4.0 73.0
4.0 73.0
4.0 78.0
4.0 83.0
4.0 88.0
4.0 93.0
4.0 98.0
4.0 98.0
4.0 98.0
4.0 98.0
4.0 98.0
4.0 98.0
4.0 103.0
4.0 108.0
4.0 113.0
4.0 118.0
4.0 123.0
4.0 123.0
4.0 123.0
4.0 123.0
4.0 123.0
4.0 123.0
4.0 128.0
4.0 133.0
4.0 138.0
4.0 143.0
5.0 147.0
5.0 147.0
5.0 147.0
5.0 147.0
5.0 147.0
5.0 147.0
5.0 152.0
6.0 156.0
6.0 161.0
6.0 166.0
6.0 171.0
6.0 171.0
6.0 171.0
6.0 171.0
6.0 171.0
6.0 171.0
6.0 176.0
6.0 181.0
6.0 186.0
7.0 190.0
7.0 195.0