diff 0.6416963094146383

p_true 0.07438611365394594
E[p]     0.041666666666666664
true prices -2.598485998999542 -0.0772981006805766
exp  prices -3.239247466850294 -0.04267303989916345

beta params 8.0 184.0


1.0 1.0
1.0 4.0
1.0 7.0
1.0 10.0
1.0 13.0
1.0 16.0
1.0 21.0
1.0 26.0
1.0 31.0
1.0 36.0
1.0 41.0
1.0 41.0
1.0 41.0
1.0 41.0
1.0 41.0
1.0 41.0
1.0 46.0
1.0 51.0
1.0 56.0
1.0 61.0
1.0 66.0
1.0 66.0
1.0 66.0
1.0 66.0
1.0 66.0
1.0 66.0
2.0 70.0
2.0 75.0
3.0 79.0
3.0 84.0
3.0 89.0
3.0 89.0
3.0 89.0
3.0 89.0
3.0 89.0
3.0 89.0
4.0 93.0
4.0 98.0
4.0 103.0
4.0 108.0
5.0 112.0
5.0 112.0
5.0 112.0
5.0 112.0
5.0 112.0
5.0 112.0
5.0 117.0
5.0 122.0
5.0 127.0
5.0 132.0
5.0 137.0
5.0 137.0
5.0 137.0
5.0 137.0
5.0 137.0
5.0 137.0
6.0 141.0
7.0 145.0
7.0 150.0
7.0 155.0
7.0 160.0
7.0 160.0
7.0 160.0
7.0 160.0
7.0 160.0
7.0 160.0
7.0 165.0
8.0 169.0
8.0 174.0
8.0 179.0
8.0 184.0