diff 0.8738376915205042

p_true 0.09027408955550367
E[p]     0.041666666666666664
true prices -2.4049047971034385 -0.09461192215400274
exp  prices -3.277201620686728 -0.04274128799181826

beta params 5.0 115.0


1.0 1.0
1.0 6.0
1.0 8.0
1.0 11.0
1.0 14.0
1.0 18.0
1.0 23.0
1.0 28.0
1.0 33.0
2.0 37.0
3.0 41.0
3.0 42.0
3.0 42.0
3.0 42.0
3.0 42.0
3.0 42.0
4.0 46.0
4.0 51.0
4.0 56.0
4.0 61.0
4.0 66.0
4.0 66.0
4.0 66.0
4.0 66.0
4.0 66.0
4.0 66.0
4.0 71.0
4.0 76.0
4.0 81.0
4.0 86.0
4.0 91.0
4.0 91.0
4.0 91.0
4.0 91.0
4.0 91.0
4.0 91.0
4.0 96.0
4.0 101.0
4.0 106.0
5.0 110.0
5.0 115.0