0.1341078728071416
0.38910635239538377
0.034282078094725166
0.14787800697457512
0.054902969245626654
0.1355240197520616
0.03408875320613106
0.10712324079533064
0.0009843455330255223
0.08663140940879309
0.018770470363226512
0.07103635793459719
0.008851532617527564
0.06652580275582408
0.012504718503438539
0.05375249717012081
-0.006674443815125785
0.03910459651139197
0.007350378193885387
0.052583022907714785
0.008840209459655333
0.05045640139994498
0.009205611523933467
0.0494177509754711
0.005951881799667451
0.036971330869393616
0.010293657999938052
0.028831141256309863
0.008940008388654776
0.03528046136074381
0.007818523244540885
0.021964715765956544
0.008519611475419351
0.016293047422923493
0.004565399828129966
0.02753558484126498
0.00409890604906596
0.021684455859753527
0.0033613327458567547
0.037658035098406054
0.0017677710543837182
0.02131317892445443
0.007711753105242122
0.02624091586891469
0.0051711551614060875
0.008793548126539064
0.004947945617655529
0.01817147492167856
0.005424991979824317
0.01053621164706903
0.00418179463305943
0.024554697567183464
0.0031238726702444326
0.019318313918043013
0.002649123426267849
0.006410856898540739
0.005437880503037259
0.020264093199521438
0.004889632528367595
0.006681521091204742
0.0012450614014082111
0.016600884277278752
0.0032249803078549743
0.0033480755311030216
0.002993812127725867
0.019994701305787618
0.0028350443759390946
0.008524119692193514
-0.001717160472859003
0.014020740734184457
0.0019298996692884193
0.016501127405592533
-0.0005135009839723778
0.008119005964334128
0.0026830996335079483
0.011157843807593906
0.002250185842418782
0.014853163792537535
0.0023722156402815626
0.005970101681242804
0.0036472958497584477
0.012928023409515984
0.0017688808367094162
0.010348236039390366
0.004005412492292095
0.003929211017370109
0.00046027275474544286
0.004936137945770607
0.002884412564556291
0.009988285670045624
0.0035300369257509233
0.0055283938375057535
0.004152487920178777
0.011975964779516632
0.0002583168245322367
0.00889652442355127
0.004792710925051177
0.006438287578128689
0.0003215342425951257
0.004580708163725841
-0.0005416116983423245
-4.908366979139492e-05
-0.000639255574453454
0.004795740140168489
0.003288942596169252
0.0013467573605573638
0.0028488187271452103
0.006503209672629615
-0.0002800241361732039
0.008537001877801657
0.005107795023223384
0.00615935582395322
0.0007537034236040813
0.01349524849860045
0.0015086249657742569
0.004081791157389164
0.0007598826092370717
0.0008567210834049856
-0.0043721049123785286
0.005970935076729874
0.0034973480768886347
0.007510760757913764
-0.0006045392556360216
0.013013195287904998
0.000920374384241244
0.011011527196958401
0.0025834904886907263
0.003640082628662115
0.0017553992383294583
0.014360850431482317
0.0027822441903923643
0.008148122307319648
0.0017551255465848448
0.008326650469498549
0.0011574342036092286
0.006830462037209058
0.0021277683081050397
-0.002051538045731673
-0.00021952191417763515
0.005084900941382627
0.0003335857575645416
0.008693879804784763
-0.0002886880985718756
-0.001749573554963554
0.0014042915370966068
0.00522321260865849
0.002078620102606953
0.012116329849321159
0.002433463461997283
0.007855727303488845
0.0017535039519780147
0.002832067821587078
-0.0012028078760381606
0.004901871465583887
-0.0008014826673942223
0.004085956916537909
0.001482657981289507
0.004476557770871622
-0.0003693198030962685
0.010861306059241089
0.0013644748546795874
0.008127922568102056
0.001772512705396073
0.007786938578581824
-0.0006178933103443258
0.007335489186962874
0.00011554346547399595
0.003126558464784372
0.002638390904825381
0.006062139259550234
0.0012314589629861933
0.005787127561090054
0.0048089147050975915
0.002475322883892293
0.0005868823757471538
0.003133221578069956
-0.0003307183256159372
0.0005630378258688146
0.001207613247662109
0.00865681364597274
-0.0003158421385467424
0.005209648044157863
0.001496898991653423
-0.00045481181468212705
-0.0009090087482636534
0.007843705636884373
0.0024964444879923323
0.003169741463221065
9.526370207578696e-05
0.00743248017498384
0.001455208735540821
0.004601811253615962
0.00015661532112169453
0.006525440637551756
-0.0016281456261116702
0.00966707239403124
1.6326143747107034e-05
0.009325625113742296
-0.0016783014726656977
0.0032113032246623235
0.002325586489716134
0.0034387621361501317
0.002181507703048344
0.00360769122663625
-0.0010915757093045628
0.00489385013069237
0.0032005846418402505
0.0009723968230846398
-0.0012869196270999352
0.00431776455161761
0.0010130932753169676
0.006689559017006569
0.0004559930328184491
0.0029879131086380426
0.0013736927337972152
0.003766792499142974
0.00021574095043843842
0.0023869888578083413
0.0034814486311270268
0.0033447287537166147
0.0017729060214142862
0.0008541209053131646
-0.0003110528254556383
0.00233426228349609
0.0011217497918287664
0.009147041855025097
0.0009037197817378074
0.0032417336898574603
0.00024192349173867748
0.0039742571624738696
0.0012930555042526153
0.0016178633590817042
0.001147670264318094
0.005092935248461853
-0.00039998565871549
0.0031041485078220086
0.0008998993969599749
0.0034240195314248927
0.002781822285489404
0.0021971874480299675
-0.0010712424308309935
0.0028034560286383527
0.0010416757750525158
0.002037690998756018
0.0013700555323021449
0.0021838347448812547
-0.00096793275559185
0.007996258543494533
0.0009656063008903308
0.003932395087924918
0.0010883399235144453
0.0002851759533806574
-0.00011666626764707133
0.003615918841483232
0.0009821189521490258
-0.0004060639575676644
0.0008685654299378181
0.007604894161276234
0.0018620671499672873
0.006964990003574019
0.0016901510190508698
0.008464014879253676
0.00046055534239338055
0.0038827816980290543
0.001043914303307727
-0.000427748075367368
0.00033107049637488687
0.0016747868790302472
0.0017176375859366798
0.0030099563945279358
0.0009773536618788233
0.003404813607111437
-0.0008354325242962771
-0.0010230723020755133
0.0002913094307267141
0.0015778493011748983
0.0014364379887305912
0.000552199462859413
0.0002596239346325964
0.0035018579368013354
0.0006050561793101755
-0.002353542614668908
0.0001540041840591772
0.005871169198722402
0.0010939265127854355
0.0019210391194932552
0.0022093115363448724
0.004145945652068009
0.0005437052532155267
0.007276435735765624
0.002315528114527065
0.0007420929654557284
-0.000374948389814492
0.006978160253083609
0.00018796606651966686
0.002607475573985594
0.00045316427738893077
0.0011847266315093527
-0.001479407421917798
0.00012812390239483735
0.001921992484139807
0.0032817635365323984
0.0020160947713614556
-0.0008353937716465032
-0.0008663494476158335
0.0040862859109847115
-0.00033779283723830587
-1.0081086724469342e-06
-0.0015955015643239433
0.002884772934089805
1.454259775323277e-05
0.00320480820154194
0.0023089031840126547
-0.0015152927931565447
0.0010143824325425416
-0.0022216307740630407
-0.0007106096792386434
0.006133079638628609
0.0018842718281902656
0.003733658260469514
-0.00023026307209010477
0.003987795043500816
0.00203841813802332
0.0046904264168037965
0.0010040299660045607
0.00693223504779777
-3.1943476553008083e-06
0.0011300524302602138
0.000256888764221768
0.0020512096541845594
-0.0004505667551166604
-0.0016175339031197329
0.000284934405143059
0.004716178407636331
0.00228393242100836
0.004884052795221225
0.0022237733180864973
0.004665196097891195
0.0006245818980280658
0.0030761215937648856
0.001433180532598828
0.001944072438969672
0.0016790503003313226
0.0038812998669626826
0.0004110719258055437
0.001996722555288536
-3.1587059399324185e-06
-8.461356199950013e-05
0.0007419983475428474
0.00021663888451330213
0.00032019286867231866
-0.0007618898981582637
0.0006413444663044256
0.0033387171233310695
0.0003121708017347894
0.0023763830819778526
-4.7767786666355875e-05
0.002311096367393688
0.0013179990311206272
0.0033854656630113657
0.0015595063300857465
0.002395645798346124
0.002578988342540635
0.005555916236704568
-0.0001592184835708508
0.0065171982971111014
0.0007193312292954468
0.002950797803597843
4.623232728497773e-05
0.001081077289664237
0.0007107817964728008
0.0019495924793306789
0.0005239325722230551
-5.95937273096453e-05
-0.0005767506827918624
0.0016763257409047622
0.0009604177250325369
0.0008327560013253239
0.0006903568882365259
0.0018261172366376291
0.0016721032328976828
0.0026185376649975746
0.00042512228261492707
0.001169427179972789
-0.0007714214155473972
-0.0014167269548937072
0.00013553103100491824
0.004071181809250079
0.0001989728794960941
0.0017033254639219656
0.0001863590076769084
0.0023204692727801014
0.0011218710732388022
0.0010837595282375267
-3.894057444694204e-05
0.003277720956825676
0.002310974172014087
0.002227156272255171
0.0020887642177351284
-0.0021188022544483508
0.0007495911211791909
-0.0009084998181451142
0.0021131071611890013
-0.0014464993061621555
0.001196091527305885
0.003358136928936281
0.0006006491435384487
0.0019105144896390364
-0.0003080027940674377
-0.0014206406046603827
-0.000779805374156958
0.0038845638965009275
-6.783048464639461e-05
-0.0018175153752959536
-0.000325139227156846
-0.00041268565861870036
-0.00047489322085334814
0.0004261786536870384
0.0006859844715195435
0.0035985157698554845
0.0006947737823257088
0.006953999728086884
0.0009039792287150856
0.001502016659529729
0.0013072524515352914
0.003434626823203834
-0.0007828750902432437
0.007825117411023829
0.0006731559494358725
0.0013696045482950762
0.00015599406702269047
0.0008890393753567376
-0.00010661665250060899
0.001963227615767891
0.0009062600523305473
0.000695668822677713
0.0008242062424982211
0.004129931865501341
-0.0011899115379637073
0.0003448745668617777
-0.00036286752278518424
5.773989286766358e-06
-4.184202773824086e-05
-0.001396010454132683
0.00038313032174256475
0.0031418876607030707
0.0010336369578075914
0.0025018984172107015
0.0005245558344045632
0.001084620349727403
0.0003549392707619771
-0.001433095649725282
-0.00036963163001765863
0.0027586677157800696
0.0008376753673169033
-0.0005757291919512488
-0.0001583956529616365
0.002437551810758649
-0.0003317449197840338
0.0029273190107906317
-0.0001196610236234234
-0.00029097674976443535
-0.00010134408171647946
-2.923503973744981e-05
0.0007351403894006534
0.0026384032288583347
0.0009969866765269465
-0.001261406023147815
0.0007458467812280177
0.0025000301230932095
4.3587778816661005e-05
0.005945489484322343
-0.00017161801994818412
-0.0005076156615986295
0.00022136563491995527
0.0013124574341472986
0.0006398696146164336
0.0024146485717332863
0.0003709581421746591
0.0031794727384727058
0.00034645408419482765
0.0007812067309877572
0.0014253247453875322
-0.0010485601188846532
-0.00021257128095091858
0.0018701025385523262
0.0007304585631818824
4.497830585547288e-05
0.0007764436082101441
0.003956406839138081
-7.159750905963895e-05
0.00132066770045438
0.00032101488375986124
0.00014610954919474413
-0.00021768249013882535
0.0024617007460104013
-0.0010730612540163465
0.0020282475350500836
-7.44501300298551e-05
0.00042901501140743027
-0.00033597831875852827
0.0030663743075929795
-0.0015392406018808137
0.001463937753479162
-0.0013420573147038262
0.0006573436185221788
0.0005403269493032036
0.003421739434580058
0.0010161213605045022
0.004530555525818333
0.0017817441529613817
0.00415065376153452
0.0004914357964006633
0.0022704458939817426
0.0010031745751399351
-0.0003468810344127119
-0.001104975725094521
0.0032987351691028646
0.0011475770758653417
0.002188200208193324
0.0006385781786220272
0.0012788775465234273
0.0009308596255099622
0.0015109302016219626
-0.000557480173831574
-0.001218212378012296
0.0008590342836261046
-0.001633790048425729
0.00032708245031598087
-0.0009519918777350934
-0.0007184820680474174
0.0017093378531943416
0.00019480450881953238
0.004518046965380537
0.0011979534060910094
0.0026293703707370637
0.0016245314374542879
0.000713619167802457
0.0006009780307777661
0.005165447407728805
-0.0007535838747725883
0.0021181090570168612
-0.0014703782908324936
-0.00032766368320962777
0.00120207737058643
0.001877892070787224
0.0010027045406362193
0.0008453040746232853
0.0013488159495669946
-0.001495780652030022
0.0002527382893337191
0.001731962988788432
0.0004589872462551895
0.003468633095819378
-0.0004497331296239571
0.0004042555726971623
-0.00026309237380149565
0.00111536882855655
7.181481770028625e-05
0.0016999880460277907
0.0002609993040613938
0.001419826395747577
-0.00026298649927273377
0.002209814271829566
1.9498329516071122e-05
0.0013068673270202503
0.0006962123836744503
0.0018564022608313117
-0.0012022824264335988
0.0033432264431838255
0.0009263472641801346
-0.00011682534012372658
0.0002730603411490664
0.0008126977833207136
0.00029372130377138905
0.0019275402156527283
0.000648667171669363
-0.0005602880147722826
0.00041745982357426176
0.003820683337805452
0.0004118357969779009
0.0043839992620374425
0.0012657089526486916
-0.0005245841352036123
-0.0009746422118301615
-0.0014605123699803872
-0.000160425700820017
0.002853439038986866
-0.0005214576702371076
0.0033969660950039535
-0.0008839782575873812
-0.0024776408056288975
0.000772173637946152
-0.0007812755462908544
0.001427038840860311
-0.0013371388508803227
-0.00011422007602493201
0.0013057364610968012
-0.00011328421387608666
0.0005851311792304438
0.0009751701875064089
-9.799230145258225e-05
0.0001417481025618133
0.0029147815416206376
0.0014590764402620834
0.0037998659420934882
0.0005097067216102727
-0.0004539143330261272
0.0007946620528945343
0.001502431550668335
0.00028109649283092027
0.0005572777030069376
0.0003329800234308245
0.0013502547178587407
0.0006397114246711025
0.0007623049553445859
-0.0006475820941174088
0.001042098972454897
0.0013685563092142887
0.0008360387930049891
0.0002505338456149084
0.002237889878680881
4.476844486539083e-05
0.0007724974084207136
0.0016750727388230725
0.002170011825633352
0.00010427200820793233
0.0005963797397135536
-0.00016494852623224882
0.0016023856032096582
0.0005647874894492705
0.001648389668308835
0.00014324105649998886
0.00191541631716555
0.0013236054222757938
-0.00018337227271499702
-0.0007128003889083821
0.0008340242313266814
0.00017104246343389471
0.00014918919413871559
-0.0005187584094007273
0.002612157998316001
0.0013733744296250989
0.0024530101269641634
-0.000558183244871817
0.0008869443725491141
0.0011858714217600733
0.0017917609603767103
0.0021470347503549955
-0.0014894140103511445
0.00033264411519103146
0.00191127388168084
-0.0010005424452378892
0.0008267554707735996
2.0526587595394975e-05
-0.00048668895343651196
0.00019055163047499923
0.0030915759832850116
0.0012102246169448396
7.033163500832086e-05
-0.0008316083716997411
0.0008496713751074985
0.0003028239744080825
0.00018134097150449902
-0.00040512225735941866
0.0012964301846911219
0.0003211146077237907
0.0008630289970907175
-0.0007937100839382276
4.624092120414731e-05
-0.0008907503687049687
0.004105497586594267
0.00031922080254514167
0.000784186084702418
-0.00027278997678731895
0.0014726051380936334
-8.907710637332641e-05
0.0017554734780107569
-0.0007463403827726756
0.00345371130199137
0.0006326640104945715
0.0045524498082039075
0.00047648605330374047
0.0005598476333205637
-0.00028371640407083955
-0.0023487886885204586
0.0008040477518749859
-0.00031105663960011363
-0.0007771770277405834
-0.0012315639091970637
0.0014955915624584603
0.0008223542252132015
0.0009519548249221844
-0.0023057879330090035
0.00029790392033818253
0.004057697771080859
0.0002645601034005708
0.0034935186006785973
0.0006766397623326759
0.0012828956778702944
-0.0009842459180391138
0.00023755009326793613
-0.0009020261889308404
-0.0026638434390542755
-0.000569523153726124
-0.0012408407036749052
0.0006805483943830574
8.148098936741578e-05
-0.0003592785434106058
0.0008236704797135787
-0.0008211669831789187
0.0023993903113167635
0.0008133672123162884
0.0007283278188340736
0.0016137761116684927
-0.0005192526259557404
-0.0016206842590908497
0.0015791436619335582
-0.0011938997982859926
-0.0007289662732020098
-0.00044200230117877315
0.001084942715215168
-0.00043226269201419176
0.001994093738542962
-0.0005502563661459608
0.001642546097633374
-0.0001573203986155949
0.0009862651039548307
-0.0010776659198159365
-0.0010768883533283757
0.0003267329219138603
0.0016468139965519044
0.0006907184439545812
0.001023532655272224
-0.00026333802544789537
0.0016196002820861536
-0.0005453446547748198
0.00015793185394398935
0.0009392917406842335
0.0019295747528456778
0.0005836669839027118
0.0018844844505274266
0.0009310675098195391
0.003639433185675834
5.834942318479724e-05
0.003071798179742967
0.0007530079205819835
-0.0005902771719457469
0.0004812460355997529
-0.000503825265111792
0.00012555716560312
0.0011571012661862762
0.0009976409285688155
0.00011152444352285334
0.0015921789580912455
0.00093985179262863
0.0012362311331461115
0.003213478013130139
-0.0005153994259107367
-0.00025372573294177655
-0.00022305247104859784
0.0010063107550511033
4.939789112574281e-05
0.0013077808049590353
-0.0007567112274251343
0.00022033519694123906
-0.00021803028638231107
0.0016299069719244112
0.00013914704985972133
0.0018084003164120467
0.00023733830584290417
0.000877273877443426
0.0001577786479519813
-0.0009740991847006462
0.00033897037018737014
-0.0006158151086575331
0.0006890828139662132
0.0016798705781219253
0.0008277253981550791
0.0011403386259295563
-0.0001911062406238605
-0.0018480574374564246
-0.00042455666857444497
0.002758482789340311
-2.1023855354854544e-05
-0.000573617261740399
0.0003627002922756645
-0.002515734730787351
7.226910409925086e-05
-0.0008212656065957302
0.00020416599661005226
-0.0009852931706392663
-0.0009886200639129782
0.0007511394195116287
0.00048304954737361875
0.003583587638134242
0.0010673723737460513
0.004548640782371133
0.00016151216200080624
0.000770909081800229
6.466151641669867e-05
-0.0007765615033997812
-0.0004633917453840266
0.0011488875542855408
-0.00010471491970178462
0.004050459985894701
-0.00015797920395208324
0.0005375445762434257
0.0007227372012278255
0.0005279214963278835
-0.00010248888774421118
0.002600411113869189
0.0006107592455263227
0.0006388934761426875
-0.00016586286618077873
0.0009384679946755407
0.00022415890760556621
0.0011735480103537903
-0.000279094777665251
0.0011670597694611066
-0.0002303456903603111
0.0003885306386914881
4.9393571982435556e-05
0.001724663270935862
-0.00013262499802876916
0.004525124575982741
-0.0003976145953433379
0.002804017890508263
-0.0002300325204162635
0.0010700359153434371
0.00037564235341673195
0.00292153698858884
0.0011727477457997675
0.000250356012415394
-0.0003055382575049892
0.0008171464077046217
-0.00012933898429203617
0.0024679118907531008
-0.00026743499264594134
-0.0002109015922349517
0.00016570435260462486
-0.0009677248388298551
0.000494038894609229
-6.372136006007185e-05
0.0001650247300327531
0.001681366181457336
0.0005071476749153039
0.0006467291696012909
0.0004018951868856485
0.004340745315314705
0.0005444394314564927
0.001134464769640004
7.114554923030166e-05
0.0020855130216635084
-0.00024523112164978746
0.0016253811816264985
0.00012488264308521912
-0.0007904305187807343
-0.00011137225422812727
0.0008734636453870919
0.0010871871588810375
0.002460360643159882
-0.0007377970480971546
0.0017780044020963694
0.0007014078665559184
0.001257105359002471
3.663587353035729e-05
-0.000606919663924951
-0.0001749434788148307
0.001481244278551496
-0.0003882595192292193
-0.0005932202566126389
0.0005182727594614413
0.0019006827787374932
0.0009778050466799474
0.002894798577789178
-2.2108139547327814e-05
-3.0816263117958246e-05
-0.0012146080700087172
0.00018420274190575732
0.0001234378262448499
-0.0009268331311682768
0.0006341369492213084
0.0014069147368122982
0.000371689858603303
0.0010883531314848014
-0.001285963866190127
0.0005852931584883437
0.0012266934901145564
0.00023190663951344896
-0.001049048588916615
0.001103324367875129
-0.0006570192769223944
0.0025130156094601776
-5.304931037124507e-05
9.300024205735576e-05
0.00017633619608229957
-0.0017533912160563358
-3.24211358934749e-05
0.0006278912004749376
-0.0004628176603170525
0.0007204948774320587
-0.0003176360495213285
0.000492631259934964
0.0006282312054988291
-0.0007292285566188276
0.00020095121692341068
0.0004400818424493438
-0.0003390307320729625
0.0036468125941862095
-0.000759128662670276
0.0032739201257090105
-0.0004356697442819515
0.0030843127191682337
0.00045455946894399566
0.0015382202252807937
0.0006106143503921276
0.001765021296368631
0.000352975961987138
0.0005887763031640764
0.00020611489940969264
0.0025770175777813814
-8.477741010195139e-05
-6.9508430153675e-05
-0.000715312347962911
0.0014264465051626034
-0.0010435333787962584
-0.00010916907495018886
0.0007102583869394207
0.0016186511359845615
0.00026669939855386945
0.0017939050198064344
-0.0005583623921584707
0.0007481854163090817
9.545186345226165e-05
-0.0007445514621716605
-0.000369526375989428
-0.0002695576851680069
0.0007870222460740144
0.0008800082550331938
0.000626993869711595
0.0009789986551237014
-0.00014717370851371074
0.0009949478527053128
0.0007065604109428746
0.0012530847708381683
0.00020548487309496327
0.002832094444919171
-0.0003118070056999955
0.0020711640204666383
0.0011639825258067133
0.001824234070579808
0.00033139901335274574
-0.0019333631603910824
0.0004052563267382162
0.0006822872401163364
0.0001011363063764466
0.001939911078720284
0.00047571785396246423
-0.001626028363106765
0.0003515165176838752
0.002429552529114141
0.00026463853422854165
0.002907783855862939
0.0005735252270366768
0.0010404398799138213
0.0006447340940269697
-7.290148837249942e-05
-0.0002223944431053144
0.0012026959577798588
0.0006670542126687612
0.0028549497312864106
-0.0001538908631524398
0.0007056790265186379
0.0002296876651324856
0.003335765907573717
3.5694475641008554e-05
0.0027933511731284446
0.0002790160630483001
-0.001241017382314033
-3.491078879840956e-05
-0.0006114948954537708
-0.0005507348141284276
0.0004870993420806092
0.0001641641338738461
0.0001700885364227657
0.00029567048070193376
2.4820774568196017e-06
-0.0011222862701373297
0.0019491848109468607
0.0001029242597169545
-0.0007286268536766978
0.00029426549008070496
-0.00092431850687139
-2.8720090081726444e-05
0.002925269266363937
-0.0007186070138687725
0.001363786160002142
0.0004405309039913275
-0.0001260199839340097
