[alpha, beta]
[1. 1.]
[1.247 1.753]
[2.501 5.499]
[2.756 6.244]
[4.02 9.98]
[ 4.266 10.734]
[ 5.55 14.45]
[ 5.785 15.215]
[ 7.073 18.927]
[ 7.316 19.684]
[ 8.617 23.383]
[ 8.864 24.136]
[10.115 27.885]
[10.393 28.607]
[11.609 32.391]
[11.86 33.14]
[13.055 36.945]
[13.295 37.705]
[14.547 41.453]
[14.808 42.192]
[16.022 45.978]
[16.269 46.731]
[17.546 50.454]
[17.81 51.19]
[19.059 54.941]
[19.301 55.699]
[20.518 59.482]
[20.757 60.243]
[22.023 63.977]
[22.279 64.721]
[23.494 68.506]
[23.737 69.263]
[25.008 72.992]
[25.257 73.743]
[26.56 77.44]
[26.787 78.213]
[28.003 81.997]
[28.244 82.756]
[29.507 86.493]
[29.775 87.225]
[31.008 90.992]
[31.261 91.739]
[32.532 95.468]
[32.801 96.199]
[34.038 99.962]
[ 34.274 100.726]
[ 35.524 104.476]
[ 35.762 105.238]
[ 37.011 108.989]
[ 37.262 109.738]
[ 38.473 113.527]
[ 38.732 114.268]
[ 40.008 117.992]
[ 40.276 118.724]
[ 41.524 122.476]
[ 41.784 123.216]
[ 43.049 126.951]
[ 43.287 127.713]
[ 44.537 131.463]
[ 44.789 132.211]
[ 45.975 136.025]
[ 46.239 136.761]
[ 47.408 140.592]
[ 47.66 141.34]
[ 48.93 145.07]
[ 49.165 145.835]
[ 50.426 149.574]
[ 50.687 150.313]
[ 51.935 154.065]
[ 52.158 154.842]
[ 53.461 158.539]
[ 53.721 159.279]
[ 54.972 163.028]
[ 55.22 163.78]
[ 56.49 167.51]
[ 56.735 168.265]
[ 57.999 172.001]
[ 58.25 172.75]
[ 59.458 176.542]
[ 59.693 177.307]
[ 60.914 181.086]
[ 61.17 181.83]
[ 62.433 185.567]
[ 62.705 186.295]
[ 63.886 190.114]
[ 64.129 190.871]
[ 65.356 194.644]
[ 65.617 195.383]
[ 66.871 199.129]
[ 67.14 199.86]
[ 68.385 203.615]
[ 68.624 204.376]
[ 69.889 208.111]
[ 70.143 208.857]
[ 71.401 212.599]
[ 71.658 213.342]
[ 72.865 217.135]
[ 73.109 217.891]
[ 74.32 221.68]
[ 74.554 222.446]
[ 75.819 226.181]
[ 76.08 226.92]
[ 77.335 230.665]
[ 77.595 231.405]
[ 78.882 235.118]
[ 79.143 235.857]
[ 80.449 239.551]
[ 80.682 240.318]
[ 81.935 244.065]
[ 82.163 244.837]
[ 83.423 248.577]
[ 83.678 249.322]
[ 84.949 253.051]
[ 85.196 253.804]
[ 86.44 257.56]
[ 86.707 258.293]
[ 87.928 262.072]
[ 88.186 262.814]
[ 89.436 266.564]
[ 89.699 267.301]
[ 90.944 271.056]
[ 91.188 271.812]
[ 92.425 275.575]
[ 92.67 276.33]
[ 93.954 280.046]
[ 94.187 280.813]
[ 95.475 284.525]
[ 95.72 285.28]
[ 97.025 288.975]
[ 97.278 289.722]
[ 98.544 293.456]
[ 98.797 294.203]
[100.073 297.927]
[100.307 298.693]
[101.499 302.501]
[101.754 303.246]
[103.013 306.987]
[103.264 307.736]
[104.548 311.452]
[104.808 312.192]
[106.095 315.905]
[106.353 316.647]
[107.61 320.39]
[107.843 321.157]
[109.119 324.881]
[109.36 325.64]
[110.591 329.409]
[110.855 330.145]
[112.107 333.893]
[112.363 334.637]
[113.563 338.437]
[113.843 339.157]
[115.103 342.897]
[115.362 343.638]
[116.616 347.384]
[116.869 348.131]
[118.087 351.913]
[118.337 352.663]
[119.599 356.401]
[119.82 357.18]
[121.039 360.961]
[121.276 361.724]
[122.502 365.498]
[122.76 366.24]
[123.999 370.001]
[124.24 370.76]
[125.518 374.482]
[125.768 375.232]
[127.056 378.944]
[127.281 379.719]
[128.514 383.486]
[128.774 384.226]
[130.03 387.97]
[130.269 388.731]
[131.506 392.494]
[131.766 393.234]
[133.003 396.997]
[133.24 397.76]
[134.517 401.483]
[134.79 402.21]
[136.067 405.933]
[136.309 406.691]
[137.562 410.438]
[137.823 411.177]
[139.06 414.94]
[139.311 415.689]
[140.58 419.42]
[140.858 420.142]
[142.102 423.898]
[142.354 424.646]
[143.595 428.405]
[143.839 429.161]
[145.107 432.893]
[145.365 433.635]
[146.641 437.359]
[146.889 438.111]
[148.149 441.851]
[148.428 442.572]
[149.647 446.353]
[149.906 447.094]
[151.142 450.858]
[151.408 451.592]
[152.725 455.275]
[153.002 455.998]
[154.271 459.729]
[154.531 460.469]
[155.785 464.215]
[156.03 464.97]
[157.328 468.672]
[157.595 469.405]
[158.811 473.189]
[159.069 473.931]
[160.288 477.712]
[160.551 478.449]
[161.763 482.237]
[162.017 482.983]
[163.267 486.733]
[163.518 487.482]
[164.737 491.263]
[164.988 492.012]
[166.159 495.841]
[166.399 496.601]
[167.624 500.376]
[167.899 501.101]
[169.158 504.842]
[169.422 505.578]
[170.684 509.316]
[170.925 510.075]
[172.181 513.819]
[172.446 514.554]
[173.662 518.338]
[173.934 519.066]
[175.179 522.821]
[175.409 523.591]
[176.62 527.38]
[176.878 528.122]
[178.098 531.902]
[178.338 532.662]
[179.574 536.426]
[179.804 537.196]
[181.034 540.966]
[181.294 541.706]
[182.531 545.469]
[182.783 546.217]
[183.964 550.036]
[184.22 550.78]
[185.475 554.525]
[185.755 555.245]
[186.964 559.036]
[187.193 559.807]
[188.498 563.502]
[188.736 564.264]
[190.028 567.972]
[190.28 568.72]
[191.501 572.499]
[191.765 573.235]
[192.973 577.027]
[193.243 577.757]
[194.525 581.475]
[194.801 582.199]
[196.082 585.918]
[196.331 586.669]
[197.566 590.434]
[197.794 591.206]
[199.051 594.949]
[199.294 595.706]
[200.538 599.462]
[200.764 600.236]
[202.015 603.985]
[202.253 604.747]
[203.479 608.521]
[203.721 609.279]
[205.006 612.994]
[205.265 613.735]
[206.495 617.505]
[206.718 618.282]
[207.95 622.05]
[208.196 622.804]
[209.462 626.538]
[209.692 627.308]
[210.952 631.048]
[211.178 631.822]
[212.446 635.554]
[212.688 636.312]
[213.912 640.088]
[214.176 640.824]
[215.422 644.578]
[215.687 645.313]
[216.987 649.013]
[217.244 649.756]
[218.565 653.435]
[218.82 654.18]
[220.103 657.897]
[220.351 658.649]
[221.674 662.326]
[221.903 663.097]
[223.077 666.923]
[223.321 667.679]
[224.551 671.449]
[224.798 672.202]
[226.082 675.918]
[226.342 676.658]
[227.597 680.403]
[227.849 681.151]
[229.16 684.84]
[229.408 685.592]
[230.588 689.412]
[230.852 690.148]
[232.076 693.924]
[232.319 694.681]
[233.608 698.392]
[233.863 699.137]
[235.115 702.885]
[235.369 703.631]
[236.637 707.363]
[236.9 708.1]
[238.176 711.824]
[238.43 712.57]
[239.613 716.387]
[239.867 717.133]
[241.13 720.87]
[241.381 721.619]
[242.615 725.385]
[242.868 726.132]
[244.124 729.876]
[244.38 730.62]
[245.602 734.398]
[245.846 735.154]
[247.117 738.883]
[247.361 739.639]
[248.518 743.482]
[248.751 744.249]
[249.994 748.006]
[250.257 748.743]
[251.53 752.47]
[251.777 753.223]
[253.006 756.994]
[253.238 757.762]
[254.483 761.517]
[254.709 762.291]
[255.929 766.071]
[256.19 766.81]
[257.417 770.583]
[257.665 771.335]
[258.924 775.076]
[259.191 775.809]
[260.453 779.547]
[260.705 780.295]
[261.974 784.026]
[262.228 784.772]
[263.435 788.565]
[263.672 789.328]
[264.931 793.069]
[265.182 793.818]
[266.444 797.556]
[266.7 798.3]
[267.928 802.072]
[268.17 802.83]
[269.401 806.599]
[269.625 807.375]
[270.85 811.15]
[271.106 811.894]
[272.321 815.679]
[272.579 816.421]
[273.8 820.2]
[274.059 820.941]
[275.388 824.612]
[275.643 825.357]
[276.882 829.118]
[277.12 829.88]
[278.366 833.634]
[278.602 834.398]
[279.862 838.138]
[280.106 838.894]
[281.346 842.654]
[281.586 843.414]
[282.834 847.166]
[283.059 847.941]
[284.31 851.69]
[284.562 852.438]
[285.814 856.186]
[286.079 856.921]
[287.352 860.648]
[287.591 861.409]
[288.837 865.163]
[289.079 865.921]
[290.355 869.645]
[290.633 870.367]
[291.92 874.08]
[292.163 874.837]
[293.405 878.595]
[293.661 879.339]
[294.932 883.068]
[295.193 883.807]
[296.44 887.56]
[296.671 888.329]
[297.93 892.07]
[298.16 892.84]
[299.388 896.612]
[299.609 897.391]
[300.82 901.18]
[301.057 901.943]
[302.31 905.69]
[302.574 906.426]
[303.76 910.24]
[304.018 910.982]
[305.248 914.752]
[305.49 915.51]
[306.703 919.297]
[306.939 920.061]
[308.165 923.835]
[308.386 924.614]
[309.615 928.385]
[309.876 929.124]
[311.127 932.873]
[311.402 933.598]
[312.664 937.336]
[312.919 938.081]
[314.168 941.832]
[314.419 942.581]
[315.707 946.293]
[315.95 947.05]
[317.205 950.795]
[317.447 951.553]
[318.694 955.306]
[318.907 956.093]
[320.15 959.85]
[320.407 960.593]
[321.628 964.372]
[321.922 965.078]
[323.142 968.858]
[323.414 969.586]
[324.686 973.314]
[324.929 974.071]
[326.131 977.869]
[326.383 978.617]
[327.608 982.392]
[327.844 983.156]
[329.106 986.894]
[329.354 987.646]
[330.614 991.386]
[330.876 992.124]
[332.148 995.852]
[332.396 996.604]
[ 333.669 1000.331]
[ 333.92 1001.08]
[ 335.163 1004.837]
[ 335.409 1005.591]
[ 336.67 1009.33]
[ 336.926 1010.074]
[ 338.149 1013.851]
[ 338.402 1014.598]
[ 339.614 1018.386]
[ 339.853 1019.147]
[ 341.104 1022.896]
[ 341.371 1023.629]
[ 342.611 1027.389]
[ 342.862 1028.138]
[ 344.107 1031.893]
[ 344.351 1032.649]
[ 345.604 1036.396]
[ 345.871 1037.129]
[ 347.132 1040.868]
[ 347.357 1041.643]
[ 348.541 1045.459]
[ 348.801 1046.199]
[ 350.057 1049.943]
[ 350.31 1050.69]
[ 351.567 1054.433]
[ 351.818 1055.182]
[ 353.07 1058.93]
[ 353.335 1059.665]
[ 354.618 1063.382]
[ 354.866 1064.134]
[ 356.103 1067.897]
[ 356.354 1068.646]
[ 357.581 1072.419]
[ 357.833 1073.167]
[ 359.126 1076.874]
[ 359.368 1077.632]
[ 360.629 1081.371]
[ 360.879 1082.121]
[ 362.138 1085.862]
[ 362.384 1086.616]
[ 363.605 1090.395]
[ 363.868 1091.132]
[ 365.144 1094.856]
[ 365.387 1095.613]
[ 366.61 1099.39]
[ 366.851 1100.149]
[ 368.079 1103.921]
[ 368.332 1104.668]
[ 369.618 1108.382]
[ 369.871 1109.129]
[ 371.152 1112.848]
[ 371.405 1113.595]
[ 372.641 1117.359]
[ 372.894 1118.106]
[ 374.16 1121.84]
[ 374.394 1122.606]
[ 375.653 1126.347]
[ 375.91 1127.09]
[ 377.142 1130.858]
[ 377.374 1131.626]
[ 378.603 1135.397]
[ 378.834 1136.166]
[ 380.069 1139.931]
[ 380.33 1140.67]
[ 381.602 1144.398]
[ 381.849 1145.151]
[ 383.123 1148.877]
[ 383.377 1149.623]
[ 384.644 1153.356]
[ 384.893 1154.107]
[ 386.14 1157.86]
[ 386.401 1158.599]
[ 387.674 1162.326]
[ 387.91 1163.09]
[ 389.12 1166.88]
[ 389.373 1167.627]
[ 390.603 1171.397]
[ 390.857 1172.143]
[ 392.12 1175.88]
[ 392.382 1176.618]
[ 393.597 1180.403]
[ 393.837 1181.163]
[ 395.149 1184.851]
[ 395.402 1185.598]
[ 396.628 1189.372]
[ 396.877 1190.123]
[ 398.12 1193.88]
[ 398.372 1194.628]
[ 399.684 1198.316]
[ 399.931 1199.069]
[ 401.195 1202.805]
[ 401.428 1203.572]
[ 402.665 1207.335]
[ 402.91 1208.09]
[ 404.181 1211.819]
[ 404.429 1212.571]
[ 405.718 1216.282]
[ 406.003 1216.997]
[ 407.3 1220.7]
[ 407.547 1221.453]
[ 408.805 1225.195]
[ 409.063 1225.937]
[ 410.301 1229.699]
[ 410.553 1230.447]
[ 411.834 1234.166]
[ 412.058 1234.942]
[ 413.287 1238.713]
[ 413.511 1239.489]
[ 414.793 1243.207]
[ 415.06 1243.94]
[ 416.334 1247.666]
[ 416.591 1248.409]
[ 417.856 1252.144]
[ 418.083 1252.917]
[ 419.332 1256.668]
[ 419.58 1257.42]
[ 420.803 1261.197]
[ 421.078 1261.922]
[ 422.28 1265.72]
[ 422.573 1266.427]
[ 423.816 1270.184]
[ 424.069 1270.931]
[ 425.305 1274.695]
[ 425.576 1275.424]
[ 426.831 1279.169]
[ 427.082 1279.918]
[ 428.331 1283.669]
[ 428.566 1284.434]
[ 429.761 1288.239]
[ 429.989 1289.011]
[ 431.227 1292.773]
[ 431.464 1293.536]
[ 432.654 1297.346]
[ 432.918 1298.082]
[ 434.201 1301.799]
[ 434.443 1302.557]
[ 435.722 1306.278]
[ 435.962 1307.038]
[ 437.186 1310.814]
[ 437.448 1311.552]
[ 438.697 1315.303]
[ 438.959 1316.041]
[ 440.213 1319.787]
[ 440.481 1320.519]
[ 441.671 1324.329]
[ 441.923 1325.077]
[ 443.178 1328.822]
[ 443.429 1329.571]
[ 444.689 1333.311]
[ 444.938 1334.062]
[ 446.201 1337.799]
[ 446.471 1338.529]
[ 447.682 1342.318]
[ 447.935 1343.065]
[ 449.204 1346.796]
[ 449.422 1347.578]
[ 450.664 1351.336]
[ 450.924 1352.076]
[ 452.186 1355.814]
[ 452.456 1356.544]
[ 453.737 1360.263]
[ 453.995 1361.005]
[ 455.281 1364.719]
[ 455.529 1365.471]
[ 456.795 1369.205]
[ 457.044 1369.956]
[ 458.227 1373.773]
[ 458.472 1374.528]
[ 459.702 1378.298]
[ 459.954 1379.046]
[ 461.17 1382.83]
[ 461.413 1383.587]
[ 462.684 1387.316]
[ 462.962 1388.038]
[ 464.228 1391.772]
[ 464.48 1392.52]
[ 465.687 1396.313]
[ 465.93 1397.07]
[ 467.163 1400.837]
[ 467.438 1401.562]
[ 468.684 1405.316]
[ 468.94 1406.06]
[ 470.176 1409.824]
[ 470.434 1410.566]
[ 471.629 1414.371]
[ 471.882 1415.118]
[ 473.178 1418.822]
[ 473.427 1419.573]
[ 474.673 1423.327]
[ 474.939 1424.061]
[ 476.227 1427.773]
[ 476.467 1428.533]
[ 477.73 1432.27]
[ 477.968 1433.032]
[ 479.239 1436.761]
[ 479.461 1437.539]
[ 480.672 1441.328]
[ 480.924 1442.076]
[ 482.164 1445.836]
[ 482.407 1446.593]
[ 483.653 1450.347]
[ 483.903 1451.097]
[ 485.134 1454.866]
[ 485.38 1455.62]
[ 486.616 1459.384]
[ 486.862 1460.138]
[ 488.092 1463.908]
[ 488.352 1464.648]
[ 489.644 1468.356]
[ 489.895 1469.105]
[ 491.101 1472.899]
[ 491.351 1473.649]
[ 492.56 1477.44]
[ 492.814 1478.186]
[ 494.031 1481.969]
[ 494.292 1482.708]
[ 495.513 1486.487]
[ 495.76 1487.24]
[ 497.018 1490.982]
[ 497.261 1491.739]
[ 498.528 1495.472]
[ 498.774 1496.226]
[ 500.029 1499.971]
[ 500.293 1500.707]
[ 501.551 1504.449]
[ 501.837 1505.163]
[ 503.148 1508.852]
[ 503.401 1509.599]
[ 504.64 1513.36]
[ 504.897 1514.103]
[ 506.148 1517.852]
[ 506.388 1518.612]
[ 507.638 1522.362]
[ 507.887 1523.113]
[ 509.155 1526.845]
[ 509.421 1527.579]
[ 510.638 1531.362]
[ 510.896 1532.104]
[ 512.145 1535.855]
[ 512.401 1536.599]
[ 513.671 1540.329]
[ 513.923 1541.077]
[ 515.171 1544.829]
[ 515.421 1545.579]
[ 516.723 1549.277]
[ 516.967 1550.033]
[ 518.291 1553.709]
[ 518.546 1554.454]
[ 519.817 1558.183]
[ 520.058 1558.942]
[ 521.306 1562.694]
[ 521.555 1563.445]
[ 522.797 1567.203]
[ 523.032 1567.968]
[ 524.265 1571.735]
[ 524.522 1572.478]
[ 525.786 1576.214]
[ 526.019 1576.981]
[ 527.244 1580.756]
[ 527.471 1581.529]
[ 528.74 1585.26]
[ 529.007 1585.993]
[ 530.262 1589.738]
[ 530.508 1590.492]
[ 531.771 1594.229]
[ 532.053 1594.947]
[ 533.333 1598.667]
[ 533.597 1599.403]
[ 534.83 1603.17]
[ 535.081 1603.919]
[ 536.288 1607.712]
[ 536.533 1608.467]
[ 537.805 1612.195]
[ 538.053 1612.947]
[ 539.292 1616.708]
[ 539.545 1617.455]
[ 540.778 1621.222]
[ 541.057 1621.943]
[ 542.3 1625.7]
[ 542.524 1626.476]
[ 543.823 1630.177]
[ 544.078 1630.922]
[ 545.384 1634.616]
[ 545.644 1635.356]
[ 546.855 1639.145]
[ 547.101 1639.899]
[ 548.318 1643.682]
[ 548.59 1644.41]
[ 549.806 1648.194]
[ 550.047 1648.953]
[ 551.299 1652.701]
[ 551.566 1653.434]
[ 552.835 1657.165]
[ 553.075 1657.925]
[ 554.267 1661.733]
[ 554.535 1662.465]
[ 555.784 1666.216]
[ 556.022 1666.978]
[ 557.286 1670.714]
[ 557.529 1671.471]
[ 558.78 1675.22]
[ 559.051 1675.949]
[ 560.333 1679.667]
[ 560.585 1680.415]
[ 561.844 1684.156]
[ 562.087 1684.913]
[ 563.36 1688.64]
[ 563.623 1689.377]
[ 564.865 1693.135]
[ 565.131 1693.869]
[ 566.381 1697.619]
[ 566.642 1698.358]
[ 567.92 1702.08]
[ 568.185 1702.815]
[ 569.443 1706.557]
[ 569.67 1707.33]
[ 570.889 1711.111]
[ 571.159 1711.841]
[ 572.44 1715.56]
[ 572.697 1716.303]
[ 573.915 1720.085]
[ 574.177 1720.823]
[ 575.445 1724.555]
[ 575.697 1725.303]
[ 576.971 1729.029]
[ 577.18 1729.82]
[ 578.492 1733.508]
[ 578.725 1734.275]
[ 579.951 1738.049]
[ 580.189 1738.811]
[ 581.429 1742.571]
[ 581.664 1743.336]
[ 582.881 1747.119]
[ 583.127 1747.873]
[ 584.339 1751.661]
[ 584.582 1752.418]
[ 585.753 1756.247]
[ 586.004 1756.996]
[ 587.327 1760.673]
[ 587.583 1761.417]
[ 588.796 1765.204]
[ 589.062 1765.938]
[ 590.35 1769.65]
[ 590.615 1770.385]
[ 591.84 1774.16]
[ 592.088 1774.912]
[ 593.344 1778.656]
[ 593.607 1779.393]
[ 594.819 1783.181]
[ 595.062 1783.938]
[ 596.284 1787.716]
[ 596.547 1788.453]
[ 597.848 1792.152]
[ 598.114 1792.886]
[ 599.319 1796.681]
[ 599.572 1797.428]
[ 600.786 1801.214]
[ 601.025 1801.975]
[ 602.285 1805.715]
[ 602.55 1806.45]
[ 603.866 1810.134]
[ 604.092 1810.908]
[ 605.363 1814.637]
[ 605.612 1815.388]
[ 606.857 1819.143]
[ 607.125 1819.875]
[ 608.413 1823.587]
[ 608.654 1824.346]
[ 609.912 1828.088]
[ 610.161 1828.839]
[ 611.44 1832.56]
[ 611.678 1833.322]
[ 612.903 1837.097]
[ 613.152 1837.848]
[ 614.398 1841.602]
[ 614.628 1842.372]
[ 615.881 1846.119]
[ 616.136 1846.864]
[ 617.355 1850.645]
[ 617.603 1851.397]
[ 618.908 1855.092]
[ 619.148 1855.852]
[ 620.412 1859.588]
[ 620.647 1860.353]
[ 621.891 1864.109]
[ 622.141 1864.859]
[ 623.352 1868.648]
[ 623.596 1869.404]
[ 624.875 1873.125]
[ 625.129 1873.871]
[ 626.412 1877.588]
[ 626.677 1878.323]
[ 627.906 1882.094]
[ 628.143 1882.857]
[ 629.398 1886.602]
[ 629.638 1887.362]
[ 630.864 1891.136]
[ 631.092 1891.908]
[ 632.351 1895.649]
[ 632.576 1896.424]
[ 633.828 1900.172]
[ 634.089 1900.911]
[ 635.344 1904.656]
[ 635.598 1905.402]
[ 636.859 1909.141]
[ 637.097 1909.903]
[ 638.336 1913.664]
[ 638.573 1914.427]
[ 639.861 1918.139]
[ 640.124 1918.876]
[ 641.339 1922.661]
[ 641.59 1923.41]
[ 642.84 1927.16]
[ 643.08 1927.92]
[ 644.325 1931.675]
[ 644.56 1932.44]
[ 645.799 1936.201]
[ 646.024 1936.976]
[ 647.263 1940.737]
[ 647.52 1941.48]
[ 648.774 1945.226]
[ 649.013 1945.987]
[ 650.294 1949.706]
[ 650.53 1950.47]
[ 651.738 1954.262]
[ 651.989 1955.011]
[ 653.2 1958.8]
[ 653.476 1959.524]
[ 654.718 1963.282]
[ 654.959 1964.041]
[ 656.194 1967.806]
[ 656.46 1968.54]
[ 657.731 1972.269]
[ 657.973 1973.027]
[ 659.241 1976.759]
[ 659.506 1977.494]
[ 660.814 1981.186]
[ 661.075 1981.925]
[ 662.347 1985.653]
[ 662.61 1986.39]
[ 663.892 1990.108]
[ 664.147 1990.853]
[ 665.39 1994.61]
[ 665.648 1995.352]
[ 666.903 1999.097]
[ 667.151 1999.849]
[ 668.428 2003.572]
[ 668.686 2004.314]
[ 669.964 2008.036]
[ 670.229 2008.771]
[ 671.482 2012.518]
[ 671.734 2013.266]
[ 672.966 2017.034]
[ 673.234 2017.766]
[ 674.457 2021.543]
[ 674.719 2022.281]
[ 675.949 2026.051]
[ 676.201 2026.799]
[ 677.467 2030.533]
[ 677.734 2031.266]
[ 678.985 2035.015]
[ 679.235 2035.765]
[ 680.471 2039.529]
[ 680.714 2040.286]
[ 681.935 2044.065]
[ 682.192 2044.808]
[ 683.489 2048.511]
[ 683.748 2049.252]
[ 685.007 2052.993]
[ 685.267 2053.733]
[ 686.463 2057.537]
[ 686.724 2058.276]
[ 687.996 2062.004]
[ 688.239 2062.761]
[ 689.505 2066.495]
[ 689.773 2067.227]
[ 691.027 2070.973]
[ 691.271 2071.729]
[ 692.515 2075.485]
[ 692.752 2076.248]
[ 693.997 2080.003]
[ 694.24 2080.76]
[ 695.479 2084.521]
[ 695.753 2085.247]
[ 696.992 2089.008]
[ 697.244 2089.756]
[ 698.456 2093.544]
[ 698.721 2094.279]
[ 699.98 2098.02]
[ 700.234 2098.766]
[ 701.528 2102.472]
[ 701.773 2103.227]
[ 703.044 2106.956]
[ 703.294 2107.706]
[ 704.519 2111.481]
[ 704.816 2112.184]
[ 706.049 2115.951]
[ 706.286 2116.714]
[ 707.531 2120.469]
[ 707.757 2121.243]
[ 709.009 2124.991]
[ 709.237 2125.763]
[ 710.524 2129.476]
[ 710.783 2130.217]
[ 712.034 2133.966]
[ 712.278 2134.722]
[ 713.54 2138.46]
[ 713.796 2139.204]
[ 714.967 2143.033]
[ 715.211 2143.789]
[ 716.463 2147.537]
[ 716.709 2148.291]
[ 717.988 2152.012]
[ 718.23 2152.77]
[ 719.46 2156.54]
[ 719.738 2157.262]
[ 720.999 2161.001]
[ 721.254 2161.746]
[ 722.478 2165.522]
[ 722.706 2166.294]
[ 723.998 2170.002]
[ 724.248 2170.752]
[ 725.527 2174.473]
[ 725.795 2175.205]
[ 727.068 2178.932]
[ 727.322 2179.678]
[ 728.564 2183.436]
[ 728.811 2184.189]
[ 730.057 2187.943]
[ 730.298 2188.702]
[ 731.536 2192.464]
[ 731.785 2193.215]
[ 733.038 2196.962]
[ 733.304 2197.696]
[ 734.576 2201.424]
[ 734.825 2202.175]
[ 736.112 2205.888]
[ 736.364 2206.636]
[ 737.581 2210.419]
[ 737.815 2211.185]
[ 739.049 2214.951]
[ 739.276 2215.724]
[ 740.486 2219.514]
[ 740.756 2220.244]
[ 742.005 2223.995]
[ 742.25 2224.75]
[ 743.501 2228.499]
[ 743.744 2229.256]
[ 745.015 2232.985]
[ 745.269 2233.731]
[ 746.531 2237.469]
[ 746.788 2238.212]
[ 748.047 2241.953]
[ 748.317 2242.683]
[ 749.579 2246.421]
[ 749.853 2247.147]
[ 751.041 2250.959]
